703
1882
0
2413
0
281
0
3893
0
269
0
453
0
365
0
8179
0
124
0
204
0
6
0
243
0
208
0
269
0
234
0
3877
0
0
0
0
0
17
0
234
0
0
0
14
0
23
0
350
0
0
0
92
0
14
0
191
0
0
0
197
0
442
0
2496
0
0
0
0
0
0
0
0
0
0
0
0
0
0
0
0
0
0
0
0
0
0
0
11
0
0
0
16
0
0
0
292
0
0
0
0
0
0
0
0
0
0
0
0
0
0
0
255
0
0
0
0
0
0
0
93
0
0
0
0
0
0
0
2218
0
0
0
0
0
0
0
0
0
0
0
0
0
0
0
0
0
0
0
0
0
0
0
0
0
0
0
0
0
0
0
0
0
0
0
0
0
0
0
0
0
0
0
0
0
0
0
0
0
0
0
0
0
0
0
0
0
0
0
0
0
0
0
0
0
0
0
0
0
0
0
0
0
0
0
0
0
0
0
0
0
0
0
0
0
0
0
0
0
0
0
0
0
0
0
0
0
0
0
0
0
0
0
0
0
0
0
0
0
0
0
0
0
0
0
0
0
0
0
0
0
0
0
0
0
0
0
127846
703
1882
0
2413
0
281
0
3893
0
269
0
453
0
365
0
8179
0
124
0
204
0
6
0
243
0
208
0
269
0
234
0
3877
0
0
0
0
0
17
0
234
0
0
0
14
0
23
0
350
0
0
0
92
0
14
0
191
0
0
0
197
0
442
0
2496
0
0
0
0
0
0
0
0
0
0
0
0
0
0
0
0
0
0
0
0
0
0
0
11
0
0
0
16
0
0
0
292
0
0
0
0
0
0
0
0
0
0
0
0
0
0
0
255
0
0
0
0
0
0
0
93
0
0
0
0
0
0
0
2218
0
0
0
0
0
0
0
0
0
0
0
0
0
0
0
0
0
0
0
0
0
0
0
0
0
0
0
0
0
0
0
0
0
0
0
0
0
0
0
0
0
0
0
0
0
0
0
0
0
0
0
0
0
0
0
0
0
0
0
0
0
0
0
0
0
0
0
0
0
0
0
0
0
0
0
0
0
0
0
0
0
0
0
0
0
0
0
0
0
0
0
0
0
0
0
0
0
0
0
0
0
0
0
0
0
0
0
0
0
0
0
0
0
0
0
0
0
0
0
0
0
0
0
0
0
0
0
127846
