232
653
0
1290
0
84
0
3655
0
79
0
168
0
180
0
10760
0
78
0
119
0
5
0
145
0
95
0
140
0
166
0
7132
0
0
0
0
0
4
0
115
0
0
0
4
0
12
0
183
0
0
0
34
0
7
0
99
0
0
0
99
0
172
0
3107
0
0
0
0
0
0
0
0
0
0
0
0
0
0
0
0
0
0
0
0
0
1
0
6
0
0
0
6
0
0
0
193
0
0
0
0
0
0
0
0
0
0
0
0
0
0
0
96
0
0
0
0
0
0
0
62
0
0
0
0
0
0
0
2020
0
0
0
0
0
0
0
0
0
0
0
0
0
0
0
0
0
0
0
0
0
0
0
0
0
0
0
0
0
0
0
0
0
0
0
0
0
0
0
0
0
0
0
0
0
0
0
0
0
0
0
0
0
0
0
0
0
0
0
0
0
0
0
0
0
0
0
0
0
0
0
0
0
0
0
0
0
0
0
0
0
0
0
0
0
0
0
0
0
0
0
0
0
0
0
0
0
0
0
0
0
0
0
0
0
0
0
0
0
0
0
0
0
0
0
0
0
0
0
0
0
0
0
0
0
0
0
127203
