126
355
0
574
0
57
0
1618
0
34
0
80
0
61
0
4399
0
44
0
61
0
11
0
90
0
58
0
49
0
80
0
2732
0
0
0
0
0
6
0
52
0
0
0
7
0
4
0
95
0
0
0
18
0
2
0
45
0
0
0
63
0
80
0
1419
0
0
0
0
0
0
0
0
0
0
0
0
0
0
0
0
0
0
0
0
0
0
0
18
0
0
0
2
0
0
0
176
0
0
0
0
0
0
0
0
0
0
0
0
0
0
0
70
0
0
0
0
0
0
0
42
0
0
0
0
0
0
0
1572
0
0
0
0
0
0
0
0
0
0
0
0
0
0
0
0
0
0
0
0
0
0
0
0
0
0
0
0
0
0
0
0
0
0
0
0
0
0
0
0
0
0
0
0
0
0
0
0
0
0
0
0
0
0
0
0
0
0
0
0
0
0
0
0
0
0
0
0
0
0
0
0
0
0
0
0
0
0
0
0
0
0
0
0
0
0
0
0
0
0
0
0
0
0
0
0
0
0
0
0
0
0
0
0
0
0
0
0
0
0
0
0
0
0
0
0
0
0
0
0
0
0
0
0
0
0
0
144304
