202
737
0
965
0
70
0
2401
0
142
0
182
0
173
0
11031
0
106
0
107
0
11
0
158
0
97
0
114
0
117
0
6415
0
0
0
0
0
2
0
68
0
0
0
5
0
4
0
152
0
0
0
23
0
7
0
65
0
0
0
67
0
169
0
2507
0
0
0
0
0
0
0
0
0
0
0
0
0
0
0
0
0
0
0
0
0
0
0
10
0
0
0
6
0
0
0
198
0
0
0
0
0
0
0
0
0
0
0
0
0
0
0
104
0
0
0
0
0
0
0
63
0
0
0
0
0
0
0
1984
0
0
0
0
0
0
0
0
0
0
0
0
0
0
0
0
0
0
0
0
0
0
0
0
0
0
0
0
0
0
0
0
0
0
0
0
0
0
0
0
0
0
0
0
0
0
0
0
0
0
0
0
0
0
0
0
0
0
0
0
0
0
0
0
0
0
0
0
0
0
0
0
0
0
0
0
0
0
0
0
0
0
0
0
0
0
0
0
0
0
0
0
0
0
0
0
0
0
0
0
0
0
0
0
0
0
0
0
0
0
0
0
0
0
0
0
0
0
0
0
0
0
0
0
0
0
0
129942
