195
534
0
569
0
99
0
1804
0
80
0
190
0
188
0
5977
0
111
0
60
0
5
0
82
0
69
0
153
0
76
0
2956
0
0
0
0
0
5
0
44
0
0
0
2
0
15
0
124
0
0
0
11
0
6
0
39
0
0
0
37
0
91
0
950
0
0
0
0
0
0
0
0
0
0
0
0
0
0
0
0
0
0
0
0
0
0
0
12
0
0
0
16
0
0
0
145
0
0
0
0
0
0
0
0
0
0
0
0
0
0
0
71
0
0
0
0
0
0
0
43
0
0
0
0
0
0
0
878
0
0
0
0
0
0
0
0
0
0
0
0
0
0
0
0
0
0
0
0
0
0
0
0
0
0
0
0
0
0
0
0
0
0
0
0
0
0
0
0
0
0
0
0
0
0
0
0
0
0
0
0
0
0
0
0
0
0
0
0
0
0
0
0
0
0
0
0
0
0
0
0
0
0
0
0
0
0
0
0
0
0
0
0
0
0
0
0
0
0
0
0
0
0
0
0
0
0
0
0
0
0
0
0
0
0
0
0
0
0
0
0
0
0
0
0
0
0
0
0
0
0
0
0
0
0
0
142767
