736
1671
0
2391
0
219
0
3786
0
204
0
307
0
316
0
6460
0
115
0
225
0
10
0
231
0
241
0
267
0
243
0
4043
0
0
0
0
0
17
0
212
0
0
0
12
0
25
0
292
0
0
0
105
0
16
0
218
0
0
0
245
0
308
0
2615
0
0
0
0
0
0
0
0
0
0
0
0
0
0
0
0
0
0
0
0
0
1
0
9
0
0
0
12
0
0
0
251
0
0
0
0
0
0
0
0
0
0
0
0
0
0
0
245
0
0
0
0
0
0
0
97
0
0
0
0
0
0
0
2130
0
0
0
0
0
0
0
0
0
0
0
0
0
0
0
0
0
0
0
0
0
0
0
0
0
0
0
0
0
0
0
0
0
0
0
0
0
0
0
0
0
0
0
0
0
0
0
0
0
0
0
0
0
0
0
0
0
0
0
0
0
0
0
0
0
0
0
0
0
0
0
0
0
0
0
0
0
0
0
0
0
0
0
0
0
0
0
0
0
0
0
0
0
0
0
0
0
0
0
0
0
0
0
0
0
0
0
0
0
0
0
0
0
0
0
0
0
0
0
0
0
0
0
0
0
0
0
130129
