469
748
0
699
0
141
0
2702
0
117
0
74
0
63
0
8648
0
80
0
43
0
28
0
64
0
62
0
42
0
75
0
5140
0
0
0
0
0
22
0
39
0
0
0
2
0
9
0
69
0
0
0
13
0
5
0
32
0
0
0
25
0
85
0
1696
0
0
0
0
0
0
0
0
0
0
0
0
0
0
0
0
0
0
0
0
0
0
0
6
0
0
0
2
0
0
0
120
0
0
0
0
0
0
0
0
0
0
0
0
0
0
0
27
0
0
0
0
0
0
0
28
0
0
0
0
0
0
0
987
0
0
0
0
0
0
0
0
0
0
0
0
0
0
0
0
0
0
0
0
0
0
0
0
0
0
0
0
0
0
0
0
0
0
0
0
0
0
0
0
0
0
0
0
0
0
0
0
0
0
0
0
0
0
0
0
0
0
0
0
0
0
0
0
0
0
0
0
0
0
0
0
0
0
0
0
0
0
0
0
0
0
0
0
0
0
0
0
0
0
0
0
0
0
0
0
0
0
0
0
0
0
0
0
0
0
0
0
0
0
0
0
0
0
0
0
0
0
0
0
0
0
0
0
0
0
0
136042
