152
423
0
750
0
54
0
2245
0
46
0
88
0
78
0
6485
0
68
0
64
0
11
0
89
0
47
0
65
0
63
0
3577
0
0
0
0
0
3
0
63
0
0
0
0
0
3
0
67
0
0
0
25
0
0
0
44
0
0
0
44
0
71
0
1272
0
0
0
0
0
0
0
0
0
0
0
0
0
0
0
0
0
0
0
0
0
0
0
4
0
0
0
1
0
0
0
69
0
0
0
0
0
0
0
0
0
0
0
0
0
0
0
36
0
0
0
0
0
0
0
32
0
0
0
0
0
0
0
800
0
0
0
0
0
0
0
0
0
0
0
0
0
0
0
0
0
0
0
0
0
0
0
0
0
0
0
0
0
0
0
0
0
0
0
0
0
0
0
0
0
0
0
0
0
0
0
0
0
0
0
0
0
0
0
0
0
0
0
0
0
0
0
0
0
0
0
0
0
0
0
0
0
0
0
0
0
0
0
0
0
0
0
0
0
0
0
0
0
0
0
0
0
0
0
0
0
0
0
0
0
0
0
0
0
0
0
0
0
0
0
0
0
0
0
0
0
0
0
0
0
0
0
0
0
0
0
141565
