215
761
0
1505
0
111
0
3220
0
135
0
238
0
272
0
11181
0
124
0
152
0
15
0
234
0
162
0
238
0
256
0
9221
0
0
0
0
0
6
0
107
0
0
0
7
0
4
0
220
0
0
0
61
0
7
0
144
0
0
0
129
0
174
0
4366
0
0
0
0
0
0
0
0
0
0
0
0
0
0
0
0
0
0
0
0
0
1
0
9
0
0
0
7
0
0
0
191
0
0
0
0
0
0
0
0
0
0
0
0
0
0
0
117
0
0
0
0
0
0
0
69
0
0
0
0
0
0
0
2489
0
0
0
0
0
0
0
0
0
0
0
0
0
0
0
0
0
0
0
0
0
0
0
0
0
0
0
0
0
0
0
0
0
0
0
0
0
0
0
0
0
0
0
0
0
0
0
0
0
0
0
0
0
0
0
0
0
0
0
0
0
0
0
0
0
0
0
0
0
0
0
0
0
0
0
0
0
0
0
0
0
0
0
0
0
0
0
0
0
0
0
0
0
0
0
0
0
0
0
0
0
0
0
0
0
0
0
0
0
0
0
0
0
0
0
0
0
0
0
0
0
0
0
0
0
0
0
122256
