255
651
0
430
0
66
0
978
0
107
0
137
0
142
0
3629
0
118
0
47
0
3
0
29
0
47
0
60
0
41
0
1243
0
0
0
0
0
15
0
35
0
0
0
7
0
35
0
73
0
0
0
4
0
4
0
33
0
0
0
17
0
71
0
349
0
0
0
0
0
0
0
0
0
0
0
0
0
0
0
0
0
0
0
0
0
0
0
7
0
0
0
11
0
0
0
51
0
0
0
0
0
0
0
0
0
0
0
0
0
0
0
59
0
0
0
0
0
0
0
28
0
0
0
0
0
0
0
447
0
0
0
0
0
0
0
0
0
0
0
0
0
0
0
0
0
0
0
0
0
0
0
0
0
0
0
0
0
0
0
0
0
0
0
0
0
0
0
0
0
0
0
0
0
0
0
0
0
0
0
0
0
0
0
0
0
0
0
0
0
0
0
0
0
0
0
0
0
0
0
0
0
0
0
0
0
0
0
0
0
0
0
0
0
0
0
0
0
0
0
0
0
0
0
0
0
0
0
0
0
0
0
0
0
0
0
0
0
0
0
0
0
0
0
0
0
0
0
0
0
0
0
0
0
0
0
149175
