105
299
0
381
0
37
0
1144
0
45
0
73
0
70
0
3785
0
42
0
27
0
7
0
46
0
42
0
55
0
56
0
2134
0
0
0
0
0
2
0
31
0
0
0
0
0
9
0
60
0
0
0
11
0
2
0
33
0
0
0
30
0
85
0
692
0
0
0
0
0
0
0
0
0
0
0
0
0
0
0
0
0
0
0
0
0
0
0
7
0
0
0
1
0
0
0
82
0
0
0
0
0
0
0
0
0
0
0
0
0
0
0
45
0
0
0
0
0
0
0
17
0
0
0
0
0
0
0
581
0
0
0
0
0
0
0
0
0
0
0
0
0
0
0
0
0
0
0
0
0
0
0
0
0
0
0
0
0
0
0
0
0
0
0
0
0
0
0
0
0
0
0
0
0
0
0
0
0
0
0
0
0
0
0
0
0
0
0
0
0
0
0
0
0
0
0
0
0
0
0
0
0
0
0
0
0
0
0
0
0
0
0
0
0
0
0
0
0
0
0
0
0
0
0
0
0
0
0
0
0
0
0
0
0
0
0
0
0
0
0
0
0
0
0
0
0
0
0
0
0
0
0
0
0
0
0
148368
