165
550
0
528
0
61
0
1260
0
108
0
138
0
80
0
5838
0
97
0
81
0
8
0
107
0
63
0
48
0
83
0
3314
0
0
0
0
0
3
0
37
0
0
0
5
0
3
0
73
0
0
0
26
0
6
0
45
0
0
0
29
0
112
0
1344
0
0
0
0
0
0
0
0
0
0
0
0
0
0
0
0
0
0
0
0
0
0
0
6
0
0
0
3
0
0
0
112
0
0
0
0
0
0
0
0
0
0
0
0
0
0
0
74
0
0
0
0
0
0
0
29
0
0
0
0
0
0
0
1262
0
0
0
0
0
0
0
0
0
0
0
0
0
0
0
0
0
0
0
0
0
0
0
0
0
0
0
0
0
0
0
0
0
0
0
0
0
0
0
0
0
0
0
0
0
0
0
0
0
0
0
0
0
0
0
0
0
0
0
0
0
0
0
0
0
0
0
0
0
0
0
0
0
0
0
0
0
0
0
0
0
0
0
0
0
0
0
0
0
0
0
0
0
0
0
0
0
0
0
0
0
0
0
0
0
0
0
0
0
0
0
0
0
0
0
0
0
0
0
0
0
0
0
0
0
0
0
142706
