196
660
0
1225
0
81
0
3199
0
120
0
232
0
154
0
12143
0
54
0
104
0
20
0
168
0
107
0
109
0
170
0
6094
0
0
0
0
0
6
0
81
0
0
0
10
0
17
0
157
0
0
0
32
0
16
0
110
0
0
0
95
0
239
0
2463
0
0
0
0
0
0
0
0
0
0
0
0
0
0
0
0
0
0
0
0
0
1
0
17
0
0
0
19
0
0
0
271
0
0
0
0
0
0
0
0
0
0
0
0
0
0
0
163
0
0
0
0
0
0
0
80
0
0
0
0
0
0
0
2565
0
0
0
0
0
0
0
0
0
0
0
0
0
0
0
0
0
0
0
0
0
0
0
0
0
0
0
0
0
0
0
0
0
0
0
0
0
0
0
0
0
0
0
0
0
0
0
0
0
0
0
0
0
0
0
0
0
0
0
0
0
0
0
0
0
0
0
0
0
0
0
0
0
0
0
0
0
0
0
0
0
0
0
0
0
0
0
0
0
0
0
0
0
0
0
0
0
0
0
0
0
0
0
0
0
0
0
0
0
0
0
0
0
0
0
0
0
0
0
0
0
0
0
0
0
0
0
127226
