703
1408
0
1873
0
216
0
2920
0
245
0
246
0
295
0
4745
0
125
0
224
0
25
0
194
0
258
0
248
0
233
0
3288
0
0
0
0
0
15
0
230
0
0
0
18
0
21
0
256
0
0
0
135
0
22
0
247
0
0
0
225
0
241
0
2258
0
0
0
0
0
0
0
0
0
0
0
0
0
0
0
0
0
0
0
0
0
1
0
18
0
0
0
17
0
0
0
215
0
0
0
0
0
0
0
0
0
0
0
0
0
0
0
194
0
0
0
0
0
0
0
117
0
0
0
0
0
0
0
1876
0
0
0
0
0
0
0
0
0
0
0
0
0
0
0
0
0
0
0
0
0
0
0
0
0
0
0
0
0
0
0
0
0
0
0
0
0
0
0
0
0
0
0
0
0
0
0
0
0
0
0
0
0
0
0
0
0
0
0
0
0
0
0
0
0
0
0
0
0
0
0
0
0
0
0
0
0
0
0
0
0
0
0
0
0
0
0
0
0
0
0
0
0
0
0
0
0
0
0
0
0
0
0
0
0
0
0
0
0
0
0
0
0
0
0
0
0
0
0
0
0
0
0
0
0
0
0
135052
