140
496
0
697
0
48
0
2539
0
67
0
66
0
73
0
10962
0
138
0
64
0
16
0
125
0
94
0
47
0
174
0
10189
0
0
0
0
0
5
0
34
0
0
0
5
0
8
0
133
0
0
0
18
0
0
0
41
0
0
0
58
0
117
0
3124
0
0
0
0
0
0
0
0
0
0
0
0
0
0
0
0
0
0
0
0
0
0
0
10
0
0
0
3
0
0
0
263
0
0
0
0
0
0
0
0
0
0
0
0
0
0
0
62
0
0
0
0
0
0
0
35
0
0
0
0
0
0
0
2766
0
0
0
0
0
0
0
0
0
0
0
0
0
0
0
0
0
0
0
0
0
0
0
0
0
0
0
0
0
0
0
0
0
0
0
0
0
0
0
0
0
0
0
0
0
0
0
0
0
0
0
0
0
0
0
0
0
0
0
0
0
0
0
0
0
0
0
0
0
0
0
0
0
0
0
0
0
0
0
0
0
0
0
0
0
0
0
0
0
0
0
0
0
0
0
0
0
0
0
0
0
0
0
0
0
0
0
0
0
0
0
0
0
0
0
0
0
0
0
0
0
0
0
0
0
0
0
125787
