470
1416
0
2145
0
205
0
5812
0
241
0
330
0
344
0
19204
0
209
0
222
0
36
0
359
0
239
0
301
0
331
0
14468
0
0
0
0
0
14
0
190
0
0
0
17
0
28
0
410
0
0
0
99
0
17
0
231
0
0
0
204
0
363
0
6415
0
0
0
0
0
0
0
0
0
0
0
0
0
0
0
0
0
0
0
0
0
1
0
27
0
0
0
24
0
0
0
516
0
0
0
0
0
0
0
0
0
0
0
0
0
0
0
314
0
0
0
0
0
0
0
170
0
0
0
0
0
0
0
4973
0
0
0
0
0
0
0
0
0
0
0
0
0
0
0
0
0
0
0
0
0
0
0
0
0
0
0
0
0
0
0
0
0
0
0
0
0
0
0
0
0
0
0
0
0
0
0
0
0
0
0
0
0
0
0
0
0
0
0
0
0
0
0
0
0
0
0
0
0
0
0
0
0
0
0
0
0
0
0
0
0
0
0
0
0
0
0
0
0
0
0
0
0
0
0
0
0
0
0
0
0
0
0
0
0
0
0
0
0
0
0
0
0
0
0
0
0
0
0
0
0
0
0
0
0
0
0
98059
