184
362
0
598
0
46
0
1338
0
37
0
46
0
36
0
2296
0
25
0
36
0
3
0
36
0
39
0
41
0
45
0
1151
0
0
0
0
0
4
0
46
0
0
0
2
0
3
0
56
0
0
0
26
0
3
0
42
0
0
0
50
0
48
0
454
0
0
0
0
0
0
0
0
0
0
0
0
0
0
0
0
0
0
0
0
0
0
0
3
0
0
0
5
0
0
0
38
0
0
0
0
0
0
0
0
0
0
0
0
0
0
0
58
0
0
0
0
0
0
0
19
0
0
0
0
0
0
0
345
0
0
0
0
0
0
0
0
0
0
0
0
0
0
0
0
0
0
0
0
0
0
0
0
0
0
0
0
0
0
0
0
0
0
0
0
0
0
0
0
0
0
0
0
0
0
0
0
0
0
0
0
0
0
0
0
0
0
0
0
0
0
0
0
0
0
0
0
0
0
0
0
0
0
0
0
0
0
0
0
0
0
0
0
0
0
0
0
0
0
0
0
0
0
0
0
0
0
0
0
0
0
0
0
0
0
0
0
0
0
0
0
0
0
0
0
0
0
0
0
0
0
0
0
0
0
0
150883
