398
828
0
1151
0
139
0
2361
0
121
0
184
0
163
0
6154
0
110
0
143
0
20
0
217
0
109
0
161
0
185
0
5361
0
0
0
0
0
10
0
136
0
0
0
15
0
12
0
214
0
0
0
56
0
17
0
158
0
0
0
172
0
233
0
3658
0
0
0
0
0
0
0
0
0
0
0
0
0
0
0
0
0
0
0
0
0
1
0
32
0
0
0
16
0
0
0
340
0
0
0
0
0
0
0
0
0
0
0
0
0
0
0
201
0
0
0
0
0
0
0
117
0
0
0
0
0
0
0
3504
0
0
0
0
0
0
0
0
0
0
0
0
0
0
0
0
0
0
0
0
0
0
0
0
0
0
0
0
0
0
0
0
0
0
0
0
0
0
0
0
0
0
0
0
0
0
0
0
0
0
0
0
0
0
0
0
0
0
0
0
0
0
0
0
0
0
0
0
0
0
0
0
0
0
0
0
0
0
0
0
0
0
0
0
0
0
0
0
0
0
0
0
0
0
0
0
0
0
0
0
0
0
0
0
0
0
0
0
0
0
0
0
0
0
0
0
0
0
0
0
0
0
0
0
0
0
0
131707
