71
274
0
333
0
41
0
844
0
41
0
85
0
76
0
3403
0
41
0
33
0
2
0
54
0
19
0
60
0
49
0
1555
0
0
0
0
0
2
0
23
0
0
0
3
0
6
0
59
0
0
0
8
0
4
0
36
0
0
0
28
0
64
0
476
0
0
0
0
0
0
0
0
0
0
0
0
0
0
0
0
0
0
0
0
0
0
0
5
0
0
0
3
0
0
0
79
0
0
0
0
0
0
0
0
0
0
0
0
0
0
0
27
0
0
0
0
0
0
0
27
0
0
0
0
0
0
0
547
0
0
0
0
0
0
0
0
0
0
0
0
0
0
0
0
0
0
0
0
0
0
0
0
0
0
0
0
0
0
0
0
0
0
0
0
0
0
0
0
0
0
0
0
0
0
0
0
0
0
0
0
0
0
0
0
0
0
0
0
0
0
0
0
0
0
0
0
0
0
0
0
0
0
0
0
0
0
0
0
0
0
0
0
0
0
0
0
0
0
0
0
0
0
0
0
0
0
0
0
0
0
0
0
0
0
0
0
0
0
0
0
0
0
0
0
0
0
0
0
0
0
0
0
0
0
0
150026
