307
979
0
1279
0
98
0
3142
0
136
0
161
0
173
0
9669
0
202
0
155
0
8
0
185
0
136
0
126
0
169
0
6569
0
0
0
0
0
7
0
96
0
0
0
3
0
13
0
169
0
0
0
45
0
8
0
107
0
0
0
115
0
162
0
2685
0
0
0
0
0
0
0
0
0
0
0
0
0
0
0
0
0
0
0
0
0
0
0
8
0
0
0
15
0
0
0
148
0
0
0
0
0
0
0
0
0
0
0
0
0
0
0
143
0
0
0
0
0
0
0
56
0
0
0
0
0
0
0
1884
0
0
0
0
0
0
0
0
0
0
0
0
0
0
0
0
0
0
0
0
0
0
0
0
0
0
0
0
0
0
0
0
0
0
0
0
0
0
0
0
0
0
0
0
0
0
0
0
0
0
0
0
0
0
0
0
0
0
0
0
0
0
0
0
0
0
0
0
0
0
0
0
0
0
0
0
0
0
0
0
0
0
0
0
0
0
0
0
0
0
0
0
0
0
0
0
0
0
0
0
0
0
0
0
0
0
0
0
0
0
0
0
0
0
0
0
0
0
0
0
0
0
0
0
0
0
0
129246
