233
653
0
1023
0
51
0
2712
0
86
0
134
0
99
0
8221
0
60
0
74
0
2
0
94
0
75
0
83
0
109
0
3741
0
0
0
0
0
5
0
72
0
0
0
4
0
3
0
82
0
0
0
24
0
3
0
45
0
0
0
46
0
86
0
1399
0
0
0
0
0
0
0
0
0
0
0
0
0
0
0
0
0
0
0
0
0
0
0
1
0
0
0
5
0
0
0
75
0
0
0
0
0
0
0
0
0
0
0
0
0
0
0
59
0
0
0
0
0
0
0
20
0
0
0
0
0
0
0
799
0
0
0
0
0
0
0
0
0
0
0
0
0
0
0
0
0
0
0
0
0
0
0
0
0
0
0
0
0
0
0
0
0
0
0
0
0
0
0
0
0
0
0
0
0
0
0
0
0
0
0
0
0
0
0
0
0
0
0
0
0
0
0
0
0
0
0
0
0
0
0
0
0
0
0
0
0
0
0
0
0
0
0
0
0
0
0
0
0
0
0
0
0
0
0
0
0
0
0
0
0
0
0
0
0
0
0
0
0
0
0
0
0
0
0
0
0
0
0
0
0
0
0
0
0
0
0
138226
