260
661
0
1106
0
100
0
2481
0
102
0
148
0
184
0
7661
0
108
0
127
0
16
0
147
0
112
0
133
0
181
0
5515
0
0
0
0
0
5
0
99
0
0
0
6
0
9
0
158
0
0
0
47
0
11
0
105
0
0
0
84
0
143
0
2632
0
0
0
0
0
0
0
0
0
0
0
0
0
0
0
0
0
0
0
0
0
0
0
11
0
0
0
6
0
0
0
180
0
0
0
0
0
0
0
0
0
0
0
0
0
0
0
119
0
0
0
0
0
0
0
58
0
0
0
0
0
0
0
2018
0
0
0
0
0
0
0
0
0
0
0
0
0
0
0
0
0
0
0
0
0
0
0
0
0
0
0
0
0
0
0
0
0
0
0
0
0
0
0
0
0
0
0
0
0
0
0
0
0
0
0
0
0
0
0
0
0
0
0
0
0
0
0
0
0
0
0
0
0
0
0
0
0
0
0
0
0
0
0
0
0
0
0
0
0
0
0
0
0
0
0
0
0
0
0
0
0
0
0
0
0
0
0
0
0
0
0
0
0
0
0
0
0
0
0
0
0
0
0
0
0
0
0
0
0
0
0
133671
