281
503
0
718
0
59
0
2649
0
100
0
143
0
94
0
11066
0
56
0
79
0
12
0
150
0
54
0
57
0
153
0
8980
0
0
0
0
0
4
0
74
0
0
0
1
0
6
0
132
0
0
0
28
0
6
0
50
0
0
0
49
0
148
0
3442
0
0
0
0
0
0
0
0
0
0
0
0
0
0
0
0
0
0
0
0
0
0
0
16
0
0
0
7
0
0
0
282
0
0
0
0
0
0
0
0
0
0
0
0
0
0
0
80
0
0
0
0
0
0
0
57
0
0
0
0
0
0
0
3082
0
0
0
0
0
0
0
0
0
0
0
0
0
0
0
0
0
0
0
0
0
0
0
0
0
0
0
0
0
0
0
0
0
0
0
0
0
0
0
0
0
0
0
0
0
0
0
0
0
0
0
0
0
0
0
0
0
0
0
0
0
0
0
0
0
0
0
0
0
0
0
0
0
0
0
0
0
0
0
0
0
0
0
0
0
0
0
0
0
0
0
0
0
0
0
0
0
0
0
0
0
0
0
0
0
0
0
0
0
0
0
0
0
0
0
0
0
0
0
0
0
0
0
0
0
0
0
125786
