244
813
0
1536
0
92
0
4096
0
122
0
175
0
201
0
13964
0
106
0
118
0
14
0
184
0
118
0
131
0
176
0
7202
0
0
0
0
0
2
0
98
0
0
0
8
0
2
0
142
0
0
0
29
0
5
0
121
0
0
0
104
0
164
0
2494
0
0
0
0
0
0
0
0
0
0
0
0
0
0
0
0
0
0
0
0
0
0
0
9
0
0
0
4
0
0
0
173
0
0
0
0
0
0
0
0
0
0
0
0
0
0
0
117
0
0
0
0
0
0
0
61
0
0
0
0
0
0
0
1919
0
0
0
0
0
0
0
0
0
0
0
0
0
0
0
0
0
0
0
0
0
0
0
0
0
0
0
0
0
0
0
0
0
0
0
0
0
0
0
0
0
0
0
0
0
0
0
0
0
0
0
0
0
0
0
0
0
0
0
0
0
0
0
0
0
0
0
0
0
0
0
0
0
0
0
0
0
0
0
0
0
0
0
0
0
0
0
0
0
0
0
0
0
0
0
0
0
0
0
0
0
0
0
0
0
0
0
0
0
0
0
0
0
0
0
0
0
0
0
0
0
0
0
0
0
0
0
123660
