154
486
0
843
0
81
0
2478
0
92
0
164
0
114
0
9278
0
102
0
156
0
15
0
191
0
117
0
117
0
211
0
8102
0
0
0
0
0
3
0
79
0
0
0
3
0
2
0
134
0
0
0
45
0
12
0
145
0
0
0
102
0
142
0
4079
0
0
0
0
0
0
0
0
0
0
0
0
0
0
0
0
0
0
0
0
0
0
0
14
0
0
0
6
0
0
0
239
0
0
0
0
0
0
0
0
0
0
0
0
0
0
0
107
0
0
0
0
0
0
0
85
0
0
0
0
0
0
0
2804
0
0
0
0
0
0
0
0
0
0
0
0
0
0
0
0
0
0
0
0
0
0
0
0
0
0
0
0
0
0
0
0
0
0
0
0
0
0
0
0
0
0
0
0
0
0
0
0
0
0
0
0
0
0
0
0
0
0
0
0
0
0
0
0
0
0
0
0
0
0
0
0
0
0
0
0
0
0
0
0
0
0
0
0
0
0
0
0
0
0
0
0
0
0
0
0
0
0
0
0
0
0
0
0
0
0
0
0
0
0
0
0
0
0
0
0
0
0
0
0
0
0
0
0
0
0
0
127702
