524
902
0
1116
0
140
0
1823
0
104
0
147
0
163
0
2459
0
53
0
138
0
10
0
113
0
129
0
133
0
93
0
1537
0
0
0
0
0
9
0
139
0
0
0
12
0
12
0
113
0
0
0
69
0
15
0
118
0
0
0
122
0
134
0
1016
0
0
0
0
0
0
0
0
0
0
0
0
0
0
0
0
0
0
0
0
0
1
0
6
0
0
0
7
0
0
0
111
0
0
0
0
0
0
0
0
0
0
0
0
0
0
0
141
0
0
0
0
0
0
0
52
0
0
0
0
0
0
0
782
0
0
0
0
0
0
0
0
0
0
0
0
0
0
0
0
0
0
0
0
0
0
0
0
0
0
0
0
0
0
0
0
0
0
0
0
0
0
0
0
0
0
0
0
0
0
0
0
0
0
0
0
0
0
0
0
0
0
0
0
0
0
0
0
0
0
0
0
0
0
0
0
0
0
0
0
0
0
0
0
0
0
0
0
0
0
0
0
0
0
0
0
0
0
0
0
0
0
0
0
0
0
0
0
0
0
0
0
0
0
0
0
0
0
0
0
0
0
0
0
0
0
0
0
0
0
0
145961
