131
423
0
549
0
52
0
1590
0
70
0
118
0
73
0
5564
0
53
0
71
0
7
0
73
0
48
0
76
0
48
0
2307
0
0
0
0
0
2
0
44
0
0
0
2
0
8
0
73
0
0
0
17
0
3
0
37
0
0
0
37
0
93
0
806
0
0
0
0
0
0
0
0
0
0
0
0
0
0
0
0
0
0
0
0
0
1
0
3
0
0
0
5
0
0
0
76
0
0
0
0
0
0
0
0
0
0
0
0
0
0
0
58
0
0
0
0
0
0
0
32
0
0
0
0
0
0
0
705
0
0
0
0
0
0
0
0
0
0
0
0
0
0
0
0
0
0
0
0
0
0
0
0
0
0
0
0
0
0
0
0
0
0
0
0
0
0
0
0
0
0
0
0
0
0
0
0
0
0
0
0
0
0
0
0
0
0
0
0
0
0
0
0
0
0
0
0
0
0
0
0
0
0
0
0
0
0
0
0
0
0
0
0
0
0
0
0
0
0
0
0
0
0
0
0
0
0
0
0
0
0
0
0
0
0
0
0
0
0
0
0
0
0
0
0
0
0
0
0
0
0
0
0
0
0
0
145149
