302
732
0
1106
0
92
0
2704
0
86
0
169
0
119
0
6710
0
101
0
138
0
11
0
155
0
115
0
123
0
154
0
4855
0
0
0
0
0
5
0
122
0
0
0
4
0
6
0
128
0
0
0
58
0
11
0
110
0
0
0
108
0
128
0
2398
0
0
0
0
0
0
0
0
0
0
0
0
0
0
0
0
0
0
0
0
0
0
0
14
0
0
0
3
0
0
0
162
0
0
0
0
0
0
0
0
0
0
0
0
0
0
0
117
0
0
0
0
0
0
0
69
0
0
0
0
0
0
0
1626
0
0
0
0
0
0
0
0
0
0
0
0
0
0
0
0
0
0
0
0
0
0
0
0
0
0
0
0
0
0
0
0
0
0
0
0
0
0
0
0
0
0
0
0
0
0
0
0
0
0
0
0
0
0
0
0
0
0
0
0
0
0
0
0
0
0
0
0
0
0
0
0
0
0
0
0
0
0
0
0
0
0
0
0
0
0
0
0
0
0
0
0
0
0
0
0
0
0
0
0
0
0
0
0
0
0
0
0
0
0
0
0
0
0
0
0
0
0
0
0
0
0
0
0
0
0
0
135663
