383
952
0
2053
0
149
0
6458
0
105
0
211
0
196
0
17046
0
110
0
147
0
8
0
183
0
176
0
182
0
168
0
11145
0
0
0
0
0
1
0
175
0
0
0
6
0
2
0
170
0
0
0
69
0
4
0
168
0
0
0
148
0
159
0
4073
0
0
0
0
0
0
0
0
0
0
0
0
0
0
0
0
0
0
0
0
0
0
0
6
0
0
0
4
0
0
0
148
0
0
0
0
0
0
0
0
0
0
0
0
0
0
0
127
0
0
0
0
0
0
0
64
0
0
0
0
0
0
0
1817
0
0
0
0
0
0
0
0
0
0
0
0
0
0
0
0
0
0
0
0
0
0
0
0
0
0
0
0
0
0
0
0
0
0
0
0
0
0
0
0
0
0
0
0
0
0
0
0
0
0
0
0
0
0
0
0
0
0
0
0
0
0
0
0
0
0
0
0
0
0
0
0
0
0
0
0
0
0
0
0
0
0
0
0
0
0
0
0
0
0
0
0
0
0
0
0
0
0
0
0
0
0
0
0
0
0
0
0
0
0
0
0
0
0
0
0
0
0
0
0
0
0
0
0
0
0
0
111591
