127
436
0
940
0
51
0
3043
0
45
0
90
0
88
0
10856
0
93
0
72
0
6
0
105
0
76
0
68
0
119
0
7501
0
0
0
0
0
1
0
51
0
0
0
3
0
0
0
89
0
0
0
18
0
4
0
54
0
0
0
51
0
82
0
2661
0
0
0
0
0
0
0
0
0
0
0
0
0
0
0
0
0
0
0
0
0
0
0
3
0
0
0
2
0
0
0
143
0
0
0
0
0
0
0
0
0
0
0
0
0
0
0
60
0
0
0
0
0
0
0
35
0
0
0
0
0
0
0
1759
0
0
0
0
0
0
0
0
0
0
0
0
0
0
0
0
0
0
0
0
0
0
0
0
0
0
0
0
0
0
0
0
0
0
0
0
0
0
0
0
0
0
0
0
0
0
0
0
0
0
0
0
0
0
0
0
0
0
0
0
0
0
0
0
0
0
0
0
0
0
0
0
0
0
0
0
0
0
0
0
0
0
0
0
0
0
0
0
0
0
0
0
0
0
0
0
0
0
0
0
0
0
0
0
0
0
0
0
0
0
0
0
0
0
0
0
0
0
0
0
0
0
0
0
0
0
0
129672
