402
1148
0
1540
0
143
0
2914
0
133
0
202
0
359
0
7183
0
89
0
109
0
9
0
99
0
79
0
142
0
101
0
2934
0
0
0
0
0
14
0
114
0
0
0
6
0
75
0
307
0
0
0
36
0
10
0
80
0
0
0
98
0
185
0
1652
0
0
0
0
0
0
0
0
0
0
0
0
0
0
0
0
0
0
0
0
0
1
0
4
0
0
0
24
0
0
0
164
0
0
0
0
0
0
0
0
0
0
0
0
0
0
0
163
0
0
0
0
0
0
0
77
0
0
0
0
0
0
0
1327
0
0
0
0
0
0
0
0
0
0
0
0
0
0
0
0
0
0
0
0
0
0
0
0
0
0
0
0
0
0
0
0
0
0
0
0
0
0
0
0
0
0
0
0
0
0
0
0
0
0
0
0
0
0
0
0
0
0
0
0
0
0
0
0
0
0
0
0
0
0
0
0
0
0
0
0
0
0
0
0
0
0
0
0
0
0
0
0
0
0
0
0
0
0
0
0
0
0
0
0
0
0
0
0
0
0
0
0
0
0
0
0
0
0
0
0
0
0
0
0
0
0
0
0
0
0
0
136481
