389
1372
0
1822
0
138
0
4083
0
182
0
226
0
265
0
13555
0
194
0
143
0
18
0
188
0
161
0
164
0
207
0
7989
0
0
0
0
0
6
0
121
0
0
0
7
0
14
0
254
0
0
0
52
0
6
0
89
0
0
0
107
0
188
0
3275
0
0
0
0
0
0
0
0
0
0
0
0
0
0
0
0
0
0
0
0
0
0
0
7
0
0
0
5
0
0
0
167
0
0
0
0
0
0
0
0
0
0
0
0
0
0
0
174
0
0
0
0
0
0
0
73
0
0
0
0
0
0
0
2496
0
0
0
0
0
0
0
0
0
0
0
0
0
0
0
0
0
0
0
0
0
0
0
0
0
0
0
0
0
0
0
0
0
0
0
0
0
0
0
0
0
0
0
0
0
0
0
0
0
0
0
0
0
0
0
0
0
0
0
0
0
0
0
0
0
0
0
0
0
0
0
0
0
0
0
0
0
0
0
0
0
0
0
0
0
0
0
0
0
0
0
0
0
0
0
0
0
0
0
0
0
0
0
0
0
0
0
0
0
0
0
0
0
0
0
0
0
0
0
0
0
0
0
0
0
0
0
120267
