322
1203
0
1798
0
115
0
4528
0
160
0
178
0
224
0
14307
0
181
0
138
0
3
0
165
0
161
0
127
0
190
0
8491
0
0
0
0
0
4
0
106
0
0
0
1
0
8
0
204
0
0
0
44
0
2
0
78
0
0
0
82
0
140
0
3187
0
0
0
0
0
0
0
0
0
0
0
0
0
0
0
0
0
0
0
0
0
0
0
6
0
0
0
6
0
0
0
140
0
0
0
0
0
0
0
0
0
0
0
0
0
0
0
146
0
0
0
0
0
0
0
54
0
0
0
0
0
0
0
2093
0
0
0
0
0
0
0
0
0
0
0
0
0
0
0
0
0
0
0
0
0
0
0
0
0
0
0
0
0
0
0
0
0
0
0
0
0
0
0
0
0
0
0
0
0
0
0
0
0
0
0
0
0
0
0
0
0
0
0
0
0
0
0
0
0
0
0
0
0
0
0
0
0
0
0
0
0
0
0
0
0
0
0
0
0
0
0
0
0
0
0
0
0
0
0
0
0
0
0
0
0
0
0
0
0
0
0
0
0
0
0
0
0
0
0
0
0
0
0
0
0
0
0
0
0
0
0
119812
