162
531
0
602
0
49
0
1782
0
57
0
94
0
71
0
6012
0
64
0
60
0
5
0
94
0
46
0
56
0
49
0
2812
0
0
0
0
0
5
0
45
0
0
0
3
0
5
0
76
0
0
0
13
0
5
0
45
0
0
0
44
0
75
0
925
0
0
0
0
0
0
0
0
0
0
0
0
0
0
0
0
0
0
0
0
0
0
0
10
0
0
0
4
0
0
0
76
0
0
0
0
0
0
0
0
0
0
0
0
0
0
0
61
0
0
0
0
0
0
0
26
0
0
0
0
0
0
0
820
0
0
0
0
0
0
0
0
0
0
0
0
0
0
0
0
0
0
0
0
0
0
0
0
0
0
0
0
0
0
0
0
0
0
0
0
0
0
0
0
0
0
0
0
0
0
0
0
0
0
0
0
0
0
0
0
0
0
0
0
0
0
0
0
0
0
0
0
0
0
0
0
0
0
0
0
0
0
0
0
0
0
0
0
0
0
0
0
0
0
0
0
0
0
0
0
0
0
0
0
0
0
0
0
0
0
0
0
0
0
0
0
0
0
0
0
0
0
0
0
0
0
0
0
0
0
0
143620
