208
584
0
918
0
114
0
2456
0
107
0
122
0
135
0
6782
0
95
0
104
0
40
0
122
0
85
0
102
0
124
0
4133
0
0
0
0
0
40
0
84
0
0
0
22
0
18
0
141
0
0
0
49
0
26
0
83
0
0
0
94
0
115
0
2062
0
0
0
0
0
0
0
0
0
0
0
0
0
0
0
0
0
0
0
0
0
8
0
31
0
0
0
15
0
0
0
160
0
0
0
0
0
0
0
0
0
0
0
0
0
0
0
95
0
0
0
0
0
0
0
62
0
0
0
0
0
0
0
1695
0
0
0
0
0
0
0
0
0
0
0
0
0
0
0
0
0
0
0
0
0
0
0
0
0
0
0
0
0
0
0
0
0
0
0
0
0
0
0
0
0
0
0
0
0
0
0
0
0
0
0
0
0
0
0
0
0
0
0
0
0
0
0
0
0
0
0
0
0
0
0
0
0
0
0
0
0
0
0
0
0
0
0
0
0
0
0
0
0
0
0
0
0
0
0
0
0
0
0
0
0
0
0
0
0
0
0
0
0
0
0
0
0
0
0
0
0
0
0
0
0
0
0
0
0
0
0
137373
