190
477
0
929
0
72
0
2571
0
59
0
120
0
79
0
6449
0
32
0
74
0
7
0
106
0
65
0
82
0
85
0
3787
0
0
0
0
0
4
0
83
0
0
0
4
0
3
0
91
0
0
0
35
0
8
0
64
0
0
0
76
0
98
0
1708
0
0
0
0
0
0
0
0
0
0
0
0
0
0
0
0
0
0
0
0
0
0
0
4
0
0
0
6
0
0
0
79
0
0
0
0
0
0
0
0
0
0
0
0
0
0
0
81
0
0
0
0
0
0
0
34
0
0
0
0
0
0
0
943
0
0
0
0
0
0
0
0
0
0
0
0
0
0
0
0
0
0
0
0
0
0
0
0
0
0
0
0
0
0
0
0
0
0
0
0
0
0
0
0
0
0
0
0
0
0
0
0
0
0
0
0
0
0
0
0
0
0
0
0
0
0
0
0
0
0
0
0
0
0
0
0
0
0
0
0
0
0
0
0
0
0
0
0
0
0
0
0
0
0
0
0
0
0
0
0
0
0
0
0
0
0
0
0
0
0
0
0
0
0
0
0
0
0
0
0
0
0
0
0
0
0
0
0
0
0
0
139899
