217
556
0
1005
0
86
0
2482
0
92
0
124
0
148
0
8050
0
45
0
95
0
5
0
94
0
72
0
121
0
100
0
3737
0
0
0
0
0
3
0
67
0
0
0
7
0
9
0
93
0
0
0
21
0
6
0
83
0
0
0
53
0
115
0
1618
0
0
0
0
0
0
0
0
0
0
0
0
0
0
0
0
0
0
0
0
0
0
0
7
0
0
0
5
0
0
0
93
0
0
0
0
0
0
0
0
0
0
0
0
0
0
0
90
0
0
0
0
0
0
0
31
0
0
0
0
0
0
0
1071
0
0
0
0
0
0
0
0
0
0
0
0
0
0
0
0
0
0
0
0
0
0
0
0
0
0
0
0
0
0
0
0
0
0
0
0
0
0
0
0
0
0
0
0
0
0
0
0
0
0
0
0
0
0
0
0
0
0
0
0
0
0
0
0
0
0
0
0
0
0
0
0
0
0
0
0
0
0
0
0
0
0
0
0
0
0
0
0
0
0
0
0
0
0
0
0
0
0
0
0
0
0
0
0
0
0
0
0
0
0
0
0
0
0
0
0
0
0
0
0
0
0
0
0
0
0
0
138003
