371
711
0
792
0
99
0
1524
0
120
0
145
0
128
0
4381
0
80
0
79
0
6
0
73
0
79
0
91
0
73
0
1753
0
0
0
0
0
3
0
72
0
0
0
7
0
8
0
79
0
0
0
14
0
2
0
41
0
0
0
50
0
62
0
676
0
0
0
0
0
0
0
0
0
0
0
0
0
0
0
0
0
0
0
0
0
0
0
4
0
0
0
3
0
0
0
69
0
0
0
0
0
0
0
0
0
0
0
0
0
0
0
52
0
0
0
0
0
0
0
35
0
0
0
0
0
0
0
457
0
0
0
0
0
0
0
0
0
0
0
0
0
0
0
0
0
0
0
0
0
0
0
0
0
0
0
0
0
0
0
0
0
0
0
0
0
0
0
0
0
0
0
0
0
0
0
0
0
0
0
0
0
0
0
0
0
0
0
0
0
0
0
0
0
0
0
0
0
0
0
0
0
0
0
0
0
0
0
0
0
0
0
0
0
0
0
0
0
0
0
0
0
0
0
0
0
0
0
0
0
0
0
0
0
0
0
0
0
0
0
0
0
0
0
0
0
0
0
0
0
0
0
0
0
0
0
146265
