260
594
0
578
0
57
0
1543
0
90
0
88
0
84
0
4152
0
121
0
78
0
7
0
70
0
83
0
75
0
69
0
2537
0
0
0
0
0
9
0
68
0
0
0
6
0
15
0
71
0
0
0
23
0
4
0
65
0
0
0
53
0
94
0
819
0
0
0
0
0
0
0
0
0
0
0
0
0
0
0
0
0
0
0
0
0
0
0
9
0
0
0
6
0
0
0
57
0
0
0
0
0
0
0
0
0
0
0
0
0
0
0
91
0
0
0
0
0
0
0
38
0
0
0
0
0
0
0
737
0
0
0
0
0
0
0
0
0
0
0
0
0
0
0
0
0
0
0
0
0
0
0
0
0
0
0
0
0
0
0
0
0
0
0
0
0
0
0
0
0
0
0
0
0
0
0
0
0
0
0
0
0
0
0
0
0
0
0
0
0
0
0
0
0
0
0
0
0
0
0
0
0
0
0
0
0
0
0
0
0
0
0
0
0
0
0
0
0
0
0
0
0
0
0
0
0
0
0
0
0
0
0
0
0
0
0
0
0
0
0
0
0
0
0
0
0
0
0
0
0
0
0
0
0
0
0
145753
