152
456
0
781
0
80
0
2707
0
37
0
81
0
84
0
8682
0
87
0
80
0
1
0
98
0
80
0
74
0
102
0
5403
0
0
0
0
0
3
0
66
0
0
0
2
0
2
0
75
0
0
0
65
0
2
0
76
0
0
0
106
0
71
0
1954
0
0
0
0
0
0
0
0
0
0
0
0
0
0
0
0
0
0
0
0
0
0
0
7
0
0
0
2
0
0
0
125
0
0
0
0
0
0
0
0
0
0
0
0
0
0
0
63
0
0
0
0
0
0
0
70
0
0
0
0
0
0
0
1368
0
0
0
0
0
0
0
0
0
0
0
0
0
0
0
0
0
0
0
0
0
0
0
0
0
0
0
0
0
0
0
0
0
0
0
0
0
0
0
0
0
0
0
0
0
0
0
0
0
0
0
0
0
0
0
0
0
0
0
0
0
0
0
0
0
0
0
0
0
0
0
0
0
0
0
0
0
0
0
0
0
0
0
0
0
0
0
0
0
0
0
0
0
0
0
0
0
0
0
0
0
0
0
0
0
0
0
0
0
0
0
0
0
0
0
0
0
0
0
0
0
0
0
0
0
0
0
135362
