158
391
0
685
0
62
0
1873
0
78
0
106
0
94
0
5319
0
40
0
48
0
3
0
67
0
42
0
76
0
66
0
2640
0
0
0
0
0
8
0
60
0
0
0
0
0
6
0
87
0
0
0
26
0
2
0
51
0
0
0
32
0
95
0
1015
0
0
0
0
0
0
0
0
0
0
0
0
0
0
0
0
0
0
0
0
0
1
0
6
0
0
0
5
0
0
0
63
0
0
0
0
0
0
0
0
0
0
0
0
0
0
0
39
0
0
0
0
0
0
0
28
0
0
0
0
0
0
0
674
0
0
0
0
0
0
0
0
0
0
0
0
0
0
0
0
0
0
0
0
0
0
0
0
0
0
0
0
0
0
0
0
0
0
0
0
0
0
0
0
0
0
0
0
0
0
0
0
0
0
0
0
0
0
0
0
0
0
0
0
0
0
0
0
0
0
0
0
0
0
0
0
0
0
0
0
0
0
0
0
0
0
0
0
0
0
0
0
0
0
0
0
0
0
0
0
0
0
0
0
0
0
0
0
0
0
0
0
0
0
0
0
0
0
0
0
0
0
0
0
0
0
0
0
0
0
0
144458
