507
1106
0
1227
0
123
0
2008
0
172
0
217
0
203
0
5233
0
95
0
137
0
12
0
105
0
131
0
146
0
156
0
2988
0
0
0
0
0
12
0
123
0
0
0
14
0
10
0
194
0
0
0
50
0
12
0
110
0
0
0
114
0
189
0
1930
0
0
0
0
0
0
0
0
0
0
0
0
0
0
0
0
0
0
0
0
0
0
0
7
0
0
0
8
0
0
0
164
0
0
0
0
0
0
0
0
0
0
0
0
0
0
0
134
0
0
0
0
0
0
0
81
0
0
0
0
0
0
0
1952
0
0
0
0
0
0
0
0
0
0
0
0
0
0
0
0
0
0
0
0
0
0
0
0
0
0
0
0
0
0
0
0
0
0
0
0
0
0
0
0
0
0
0
0
0
0
0
0
0
0
0
0
0
0
0
0
0
0
0
0
0
0
0
0
0
0
0
0
0
0
0
0
0
0
0
0
0
0
0
0
0
0
0
0
0
0
0
0
0
0
0
0
0
0
0
0
0
0
0
0
0
0
0
0
0
0
0
0
0
0
0
0
0
0
0
0
0
0
0
0
0
0
0
0
0
0
0
138734
