79
186
0
374
0
52
0
1538
0
34
0
57
0
64
0
6255
0
39
0
39
0
17
0
97
0
36
0
61
0
104
0
4643
0
0
0
0
0
4
0
25
0
0
0
12
0
10
0
99
0
0
0
17
0
14
0
42
0
0
0
61
0
113
0
1997
0
0
0
0
0
0
0
0
0
0
0
0
0
0
0
0
0
0
0
0
0
1
0
19
0
0
0
7
0
0
0
263
0
0
0
0
0
0
0
0
0
0
0
0
0
0
0
62
0
0
0
0
0
0
0
44
0
0
0
0
0
0
0
2150
0
0
0
0
0
0
0
0
0
0
0
0
0
0
0
0
0
0
0
0
0
0
0
0
0
0
0
0
0
0
0
0
0
0
0
0
0
0
0
0
0
0
0
0
0
0
0
0
0
0
0
0
0
0
0
0
0
0
0
0
0
0
0
0
0
0
0
0
0
0
0
0
0
0
0
0
0
0
0
0
0
0
0
0
0
0
0
0
0
0
0
0
0
0
0
0
0
0
0
0
0
0
0
0
0
0
0
0
0
0
0
0
0
0
0
0
0
0
0
0
0
0
0
0
0
0
0
139789
