158
653
0
966
0
58
0
2159
0
77
0
140
0
136
0
7515
0
56
0
90
0
6
0
130
0
84
0
97
0
123
0
4270
0
0
0
0
0
6
0
79
0
0
0
3
0
4
0
147
0
0
0
26
0
6
0
69
0
0
0
56
0
160
0
1875
0
0
0
0
0
0
0
0
0
0
0
0
0
0
0
0
0
0
0
0
0
0
0
9
0
0
0
7
0
0
0
132
0
0
0
0
0
0
0
0
0
0
0
0
0
0
0
66
0
0
0
0
0
0
0
43
0
0
0
0
0
0
0
1581
0
0
0
0
0
0
0
0
0
0
0
0
0
0
0
0
0
0
0
0
0
0
0
0
0
0
0
0
0
0
0
0
0
0
0
0
0
0
0
0
0
0
0
0
0
0
0
0
0
0
0
0
0
0
0
0
0
0
0
0
0
0
0
0
0
0
0
0
0
0
0
0
0
0
0
0
0
0
0
0
0
0
0
0
0
0
0
0
0
0
0
0
0
0
0
0
0
0
0
0
0
0
0
0
0
0
0
0
0
0
0
0
0
0
0
0
0
0
0
0
0
0
0
0
0
0
0
137417
