239
538
0
646
0
44
0
1873
0
88
0
92
0
99
0
5319
0
67
0
65
0
8
0
78
0
58
0
59
0
102
0
2794
0
0
0
0
0
7
0
52
0
0
0
5
0
11
0
99
0
0
0
26
0
10
0
50
0
0
0
63
0
124
0
1058
0
0
0
0
0
0
0
0
0
0
0
0
0
0
0
0
0
0
0
0
0
0
0
15
0
0
0
16
0
0
0
162
0
0
0
0
0
0
0
0
0
0
0
0
0
0
0
156
0
0
0
0
0
0
0
58
0
0
0
0
0
0
0
1257
0
0
0
0
0
0
0
0
0
0
0
0
0
0
0
0
0
0
0
0
0
0
0
0
0
0
0
0
0
0
0
0
0
0
0
0
0
0
0
0
0
0
0
0
0
0
0
0
0
0
0
0
0
0
0
0
0
0
0
0
0
0
0
0
0
0
0
0
0
0
0
0
0
0
0
0
0
0
0
0
0
0
0
0
0
0
0
0
0
0
0
0
0
0
0
0
0
0
0
0
0
0
0
0
0
0
0
0
0
0
0
0
0
0
0
0
0
0
0
0
0
0
0
0
0
0
0
143066
