207
904
0
1199
0
89
0
3134
0
183
0
273
0
238
0
16464
0
207
0
170
0
12
0
276
0
175
0
193
0
269
0
14065
0
0
0
0
0
5
0
104
0
0
0
10
0
9
0
224
0
0
0
46
0
6
0
108
0
0
0
130
0
252
0
5717
0
0
0
0
0
0
0
0
0
0
0
0
0
0
0
0
0
0
0
0
0
0
0
23
0
0
0
7
0
0
0
499
0
0
0
0
0
0
0
0
0
0
0
0
0
0
0
129
0
0
0
0
0
0
0
127
0
0
0
0
0
0
0
5572
0
0
0
0
0
0
0
0
0
0
0
0
0
0
0
0
0
0
0
0
0
0
0
0
0
0
0
0
0
0
0
0
0
0
0
0
0
0
0
0
0
0
0
0
0
0
0
0
0
0
0
0
0
0
0
0
0
0
0
0
0
0
0
0
0
0
0
0
0
0
0
0
0
0
0
0
0
0
0
0
0
0
0
0
0
0
0
0
0
0
0
0
0
0
0
0
0
0
0
0
0
0
0
0
0
0
0
0
0
0
0
0
0
0
0
0
0
0
0
0
0
0
0
0
0
0
0
107378
