183
488
0
752
0
44
0
1988
0
74
0
83
0
81
0
5255
0
53
0
67
0
1
0
55
0
39
0
47
0
65
0
2592
0
0
0
0
0
2
0
51
0
0
0
1
0
3
0
80
0
0
0
19
0
2
0
43
0
0
0
40
0
78
0
966
0
0
0
0
0
0
0
0
0
0
0
0
0
0
0
0
0
0
0
0
0
0
0
2
0
0
0
5
0
0
0
54
0
0
0
0
0
0
0
0
0
0
0
0
0
0
0
59
0
0
0
0
0
0
0
31
0
0
0
0
0
0
0
613
0
0
0
0
0
0
0
0
0
0
0
0
0
0
0
0
0
0
0
0
0
0
0
0
0
0
0
0
0
0
0
0
0
0
0
0
0
0
0
0
0
0
0
0
0
0
0
0
0
0
0
0
0
0
0
0
0
0
0
0
0
0
0
0
0
0
0
0
0
0
0
0
0
0
0
0
0
0
0
0
0
0
0
0
0
0
0
0
0
0
0
0
0
0
0
0
0
0
0
0
0
0
0
0
0
0
0
0
0
0
0
0
0
0
0
0
0
0
0
0
0
0
0
0
0
0
0
144488
