188
535
0
786
0
64
0
1616
0
73
0
104
0
182
0
5093
0
25
0
62
0
10
0
81
0
77
0
82
0
104
0
2542
0
0
0
0
0
13
0
49
0
0
0
5
0
21
0
187
0
0
0
23
0
8
0
55
0
0
0
70
0
110
0
1099
0
0
0
0
0
0
0
0
0
0
0
0
0
0
0
0
0
0
0
0
0
1
0
12
0
0
0
10
0
0
0
131
0
0
0
0
0
0
0
0
0
0
0
0
0
0
0
85
0
0
0
0
0
0
0
34
0
0
0
0
0
0
0
973
0
0
0
0
0
0
0
0
0
0
0
0
0
0
0
0
0
0
0
0
0
0
0
0
0
0
0
0
0
0
0
0
0
0
0
0
0
0
0
0
0
0
0
0
0
0
0
0
0
0
0
0
0
0
0
0
0
0
0
0
0
0
0
0
0
0
0
0
0
0
0
0
0
0
0
0
0
0
0
0
0
0
0
0
0
0
0
0
0
0
0
0
0
0
0
0
0
0
0
0
0
0
0
0
0
0
0
0
0
0
0
0
0
0
0
0
0
0
0
0
0
0
0
0
0
0
0
143894
