254
794
0
1545
0
94
0
3946
0
87
0
178
0
166
0
11083
0
85
0
99
0
12
0
155
0
109
0
124
0
117
0
6944
0
0
0
0
0
5
0
118
0
0
0
6
0
1
0
122
0
0
0
49
0
0
0
103
0
0
0
80
0
157
0
2890
0
0
0
0
0
0
0
0
0
0
0
0
0
0
0
0
0
0
0
0
0
0
0
4
0
0
0
4
0
0
0
110
0
0
0
0
0
0
0
0
0
0
0
0
0
0
0
74
0
0
0
0
0
0
0
44
0
0
0
0
0
0
0
1426
0
0
0
0
0
0
0
0
0
0
0
0
0
0
0
0
0
0
0
0
0
0
0
0
0
0
0
0
0
0
0
0
0
0
0
0
0
0
0
0
0
0
0
0
0
0
0
0
0
0
0
0
0
0
0
0
0
0
0
0
0
0
0
0
0
0
0
0
0
0
0
0
0
0
0
0
0
0
0
0
0
0
0
0
0
0
0
0
0
0
0
0
0
0
0
0
0
0
0
0
0
0
0
0
0
0
0
0
0
0
0
0
0
0
0
0
0
0
0
0
0
0
0
0
0
0
0
127419
