184
589
0
1021
0
65
0
3318
0
76
0
109
0
122
0
11717
0
102
0
68
0
14
0
135
0
78
0
84
0
153
0
6827
0
0
0
0
0
3
0
72
0
0
0
9
0
5
0
130
0
0
0
27
0
6
0
56
0
0
0
71
0
134
0
2474
0
0
0
0
0
0
0
0
0
0
0
0
0
0
0
0
0
0
0
0
0
1
0
12
0
0
0
4
0
0
0
172
0
0
0
0
0
0
0
0
0
0
0
0
0
0
0
94
0
0
0
0
0
0
0
57
0
0
0
0
0
0
0
2079
0
0
0
0
0
0
0
0
0
0
0
0
0
0
0
0
0
0
0
0
0
0
0
0
0
0
0
0
0
0
0
0
0
0
0
0
0
0
0
0
0
0
0
0
0
0
0
0
0
0
0
0
0
0
0
0
0
0
0
0
0
0
0
0
0
0
0
0
0
0
0
0
0
0
0
0
0
0
0
0
0
0
0
0
0
0
0
0
0
0
0
0
0
0
0
0
0
0
0
0
0
0
0
0
0
0
0
0
0
0
0
0
0
0
0
0
0
0
0
0
0
0
0
0
0
0
0
128336
