234
818
0
1169
0
73
0
3020
0
102
0
116
0
191
0
9955
0
98
0
97
0
6
0
124
0
85
0
88
0
134
0
4843
0
0
0
0
0
3
0
77
0
0
0
6
0
7
0
125
0
0
0
33
0
5
0
75
0
0
0
68
0
105
0
1693
0
0
0
0
0
0
0
0
0
0
0
0
0
0
0
0
0
0
0
0
0
1
0
2
0
0
0
4
0
0
0
107
0
0
0
0
0
0
0
0
0
0
0
0
0
0
0
92
0
0
0
0
0
0
0
39
0
0
0
0
0
0
0
1152
0
0
0
0
0
0
0
0
0
0
0
0
0
0
0
0
0
0
0
0
0
0
0
0
0
0
0
0
0
0
0
0
0
0
0
0
0
0
0
0
0
0
0
0
0
0
0
0
0
0
0
0
0
0
0
0
0
0
0
0
0
0
0
0
0
0
0
0
0
0
0
0
0
0
0
0
0
0
0
0
0
0
0
0
0
0
0
0
0
0
0
0
0
0
0
0
0
0
0
0
0
0
0
0
0
0
0
0
0
0
0
0
0
0
0
0
0
0
0
0
0
0
0
0
0
0
0
133657
