619
1512
0
2048
0
198
0
3012
0
195
0
288
0
272
0
5947
0
114
0
191
0
14
0
235
0
188
0
208
0
200
0
3268
0
0
0
0
0
10
0
178
0
0
0
18
0
20
0
270
0
0
0
83
0
15
0
199
0
0
0
190
0
256
0
2012
0
0
0
0
0
0
0
0
0
0
0
0
0
0
0
0
0
0
0
0
0
2
0
19
0
0
0
15
0
0
0
220
0
0
0
0
0
0
0
0
0
0
0
0
0
0
0
200
0
0
0
0
0
0
0
65
0
0
0
0
0
0
0
1844
0
0
0
0
0
0
0
0
0
0
0
0
0
0
0
0
0
0
0
0
0
0
0
0
0
0
0
0
0
0
0
0
0
0
0
0
0
0
0
0
0
0
0
0
0
0
0
0
0
0
0
0
0
0
0
0
0
0
0
0
0
0
0
0
0
0
0
0
0
0
0
0
0
0
0
0
0
0
0
0
0
0
0
0
0
0
0
0
0
0
0
0
0
0
0
0
0
0
0
0
0
0
0
0
0
0
0
0
0
0
0
0
0
0
0
0
0
0
0
0
0
0
0
0
0
0
0
134279
