493
1490
0
2428
0
188
0
4426
0
171
0
316
0
321
0
10825
0
100
0
163
0
19
0
231
0
161
0
197
0
205
0
5451
0
0
0
0
0
9
0
205
0
0
0
15
0
6
0
296
0
0
0
75
0
12
0
161
0
0
0
153
0
358
0
2873
0
0
0
0
0
0
0
0
0
0
0
0
0
0
0
0
0
0
0
0
0
0
0
13
0
0
0
9
0
0
0
239
0
0
0
0
0
0
0
0
0
0
0
0
0
0
0
206
0
0
0
0
0
0
0
102
0
0
0
0
0
0
0
2504
0
0
0
0
0
0
0
0
0
0
0
0
0
0
0
0
0
0
0
0
0
0
0
0
0
0
0
0
0
0
0
0
0
0
0
0
0
0
0
0
0
0
0
0
0
0
0
0
0
0
0
0
0
0
0
0
0
0
0
0
0
0
0
0
0
0
0
0
0
0
0
0
0
0
0
0
0
0
0
0
0
0
0
0
0
0
0
0
0
0
0
0
0
0
0
0
0
0
0
0
0
0
0
0
0
0
0
0
0
0
0
0
0
0
0
0
0
0
0
0
0
0
0
0
0
0
0
123983
