372
1123
0
1896
0
193
0
4758
0
177
0
278
0
234
0
16013
0
230
0
269
0
41
0
395
0
191
0
210
0
309
0
13212
0
0
0
0
0
12
0
170
0
0
0
15
0
15
0
299
0
0
0
95
0
9
0
214
0
0
0
155
0
356
0
6369
0
0
0
0
0
0
0
0
0
0
0
0
0
0
0
0
0
0
0
0
0
0
0
32
0
0
0
13
0
0
0
442
0
0
0
0
0
0
0
0
0
0
0
0
0
0
0
266
0
0
0
0
0
0
0
142
0
0
0
0
0
0
0
5090
0
0
0
0
0
0
0
0
0
0
0
0
0
0
0
0
0
0
0
0
0
0
0
0
0
0
0
0
0
0
0
0
0
0
0
0
0
0
0
0
0
0
0
0
0
0
0
0
0
0
0
0
0
0
0
0
0
0
0
0
0
0
0
0
0
0
0
0
0
0
0
0
0
0
0
0
0
0
0
0
0
0
0
0
0
0
0
0
0
0
0
0
0
0
0
0
0
0
0
0
0
0
0
0
0
0
0
0
0
0
0
0
0
0
0
0
0
0
0
0
0
0
0
0
0
0
0
104809
