118
507
0
667
0
61
0
2638
0
21
0
70
0
75
0
8193
0
127
0
57
0
14
0
106
0
80
0
87
0
94
0
5289
0
0
0
0
0
2
0
76
0
0
0
6
0
0
0
76
0
0
0
28
0
2
0
88
0
0
0
71
0
89
0
2088
0
0
0
0
0
0
0
0
0
0
0
0
0
0
0
0
0
0
0
0
0
0
0
10
0
0
0
2
0
0
0
155
0
0
0
0
0
0
0
0
0
0
0
0
0
0
0
52
0
0
0
0
0
0
0
63
0
0
0
0
0
0
0
1591
0
0
0
0
0
0
0
0
0
0
0
0
0
0
0
0
0
0
0
0
0
0
0
0
0
0
0
0
0
0
0
0
0
0
0
0
0
0
0
0
0
0
0
0
0
0
0
0
0
0
0
0
0
0
0
0
0
0
0
0
0
0
0
0
0
0
0
0
0
0
0
0
0
0
0
0
0
0
0
0
0
0
0
0
0
0
0
0
0
0
0
0
0
0
0
0
0
0
0
0
0
0
0
0
0
0
0
0
0
0
0
0
0
0
0
0
0
0
0
0
0
0
0
0
0
0
0
135801
