302
579
0
611
0
76
0
1572
0
102
0
122
0
120
0
5032
0
61
0
63
0
6
0
58
0
60
0
72
0
49
0
2061
0
0
0
0
0
3
0
35
0
0
0
2
0
6
0
44
0
0
0
14
0
0
0
23
0
0
0
37
0
47
0
643
0
0
0
0
0
0
0
0
0
0
0
0
0
0
0
0
0
0
0
0
0
0
0
2
0
0
0
2
0
0
0
53
0
0
0
0
0
0
0
0
0
0
0
0
0
0
0
21
0
0
0
0
0
0
0
16
0
0
0
0
0
0
0
360
0
0
0
0
0
0
0
0
0
0
0
0
0
0
0
0
0
0
0
0
0
0
0
0
0
0
0
0
0
0
0
0
0
0
0
0
0
0
0
0
0
0
0
0
0
0
0
0
0
0
0
0
0
0
0
0
0
0
0
0
0
0
0
0
0
0
0
0
0
0
0
0
0
0
0
0
0
0
0
0
0
0
0
0
0
0
0
0
0
0
0
0
0
0
0
0
0
0
0
0
0
0
0
0
0
0
0
0
0
0
0
0
0
0
0
0
0
0
0
0
0
0
0
0
0
0
0
146150
