360
1312
0
2104
0
133
0
4724
0
213
0
304
0
373
0
16064
0
175
0
169
0
14
0
212
0
199
0
184
0
232
0
9058
0
0
0
0
0
17
0
104
0
0
0
8
0
31
0
279
0
0
0
48
0
7
0
95
0
0
0
108
0
287
0
4117
0
0
0
0
0
0
0
0
0
0
0
0
0
0
0
0
0
0
0
0
0
0
0
10
0
0
0
15
0
0
0
229
0
0
0
0
0
0
0
0
0
0
0
0
0
0
0
172
0
0
0
0
0
0
0
69
0
0
0
0
0
0
0
2688
0
0
0
0
0
0
0
0
0
0
0
0
0
0
0
0
0
0
0
0
0
0
0
0
0
0
0
0
0
0
0
0
0
0
0
0
0
0
0
0
0
0
0
0
0
0
0
0
0
0
0
0
0
0
0
0
0
0
0
0
0
0
0
0
0
0
0
0
0
0
0
0
0
0
0
0
0
0
0
0
0
0
0
0
0
0
0
0
0
0
0
0
0
0
0
0
0
0
0
0
0
0
0
0
0
0
0
0
0
0
0
0
0
0
0
0
0
0
0
0
0
0
0
0
0
0
0
114290
