202
593
0
1001
0
92
0
3101
0
99
0
141
0
129
0
10383
0
70
0
117
0
16
0
155
0
93
0
112
0
121
0
6135
0
0
0
0
0
2
0
107
0
0
0
5
0
6
0
137
0
0
0
35
0
9
0
104
0
0
0
118
0
150
0
3008
0
0
0
0
0
0
0
0
0
0
0
0
0
0
0
0
0
0
0
0
0
1
0
13
0
0
0
4
0
0
0
199
0
0
0
0
0
0
0
0
0
0
0
0
0
0
0
92
0
0
0
0
0
0
0
64
0
0
0
0
0
0
0
2142
0
0
0
0
0
0
0
0
0
0
0
0
0
0
0
0
0
0
0
0
0
0
0
0
0
0
0
0
0
0
0
0
0
0
0
0
0
0
0
0
0
0
0
0
0
0
0
0
0
0
0
0
0
0
0
0
0
0
0
0
0
0
0
0
0
0
0
0
0
0
0
0
0
0
0
0
0
0
0
0
0
0
0
0
0
0
0
0
0
0
0
0
0
0
0
0
0
0
0
0
0
0
0
0
0
0
0
0
0
0
0
0
0
0
0
0
0
0
0
0
0
0
0
0
0
0
0
129648
