161
312
0
318
0
59
0
1167
0
71
0
72
0
133
0
4011
0
57
0
40
0
4
0
38
0
27
0
70
0
42
0
1621
0
0
0
0
0
2
0
25
0
0
0
3
0
2
0
41
0
0
0
13
0
4
0
28
0
0
0
22
0
46
0
457
0
0
0
0
0
0
0
0
0
0
0
0
0
0
0
0
0
0
0
0
0
0
0
3
0
0
0
3
0
0
0
58
0
0
0
0
0
0
0
0
0
0
0
0
0
0
0
37
0
0
0
0
0
0
0
23
0
0
0
0
0
0
0
502
0
0
0
0
0
0
0
0
0
0
0
0
0
0
0
0
0
0
0
0
0
0
0
0
0
0
0
0
0
0
0
0
0
0
0
0
0
0
0
0
0
0
0
0
0
0
0
0
0
0
0
0
0
0
0
0
0
0
0
0
0
0
0
0
0
0
0
0
0
0
0
0
0
0
0
0
0
0
0
0
0
0
0
0
0
0
0
0
0
0
0
0
0
0
0
0
0
0
0
0
0
0
0
0
0
0
0
0
0
0
0
0
0
0
0
0
0
0
0
0
0
0
0
0
0
0
0
148932
