284
639
0
767
0
71
0
1720
0
121
0
159
0
154
0
5740
0
90
0
106
0
7
0
89
0
103
0
102
0
95
0
2574
0
0
0
0
0
7
0
68
0
0
0
3
0
9
0
126
0
0
0
25
0
6
0
57
0
0
0
65
0
115
0
1195
0
0
0
0
0
0
0
0
0
0
0
0
0
0
0
0
0
0
0
0
0
0
0
7
0
0
0
9
0
0
0
110
0
0
0
0
0
0
0
0
0
0
0
0
0
0
0
91
0
0
0
0
0
0
0
46
0
0
0
0
0
0
0
968
0
0
0
0
0
0
0
0
0
0
0
0
0
0
0
0
0
0
0
0
0
0
0
0
0
0
0
0
0
0
0
0
0
0
0
0
0
0
0
0
0
0
0
0
0
0
0
0
0
0
0
0
0
0
0
0
0
0
0
0
0
0
0
0
0
0
0
0
0
0
0
0
0
0
0
0
0
0
0
0
0
0
0
0
0
0
0
0
0
0
0
0
0
0
0
0
0
0
0
0
0
0
0
0
0
0
0
0
0
0
0
0
0
0
0
0
0
0
0
0
0
0
0
0
0
0
0
142676
