117
316
0
672
0
42
0
2992
0
51
0
69
0
77
0
12754
0
125
0
70
0
16
0
130
0
59
0
55
0
143
0
8635
0
0
0
0
0
3
0
56
0
0
0
8
0
4
0
153
0
0
0
15
0
11
0
56
0
0
0
61
0
117
0
2904
0
0
0
0
0
0
0
0
0
0
0
0
0
0
0
0
0
0
0
0
0
1
0
12
0
0
0
6
0
0
0
250
0
0
0
0
0
0
0
0
0
0
0
0
0
0
0
97
0
0
0
0
0
0
0
69
0
0
0
0
0
0
0
2766
0
0
0
0
0
0
0
0
0
0
0
0
0
0
0
0
0
0
0
0
0
0
0
0
0
0
0
0
0
0
0
0
0
0
0
0
0
0
0
0
0
0
0
0
0
0
0
0
0
0
0
0
0
0
0
0
0
0
0
0
0
0
0
0
0
0
0
0
0
0
0
0
0
0
0
0
0
0
0
0
0
0
0
0
0
0
0
0
0
0
0
0
0
0
0
0
0
0
0
0
0
0
0
0
0
0
0
0
0
0
0
0
0
0
0
0
0
0
0
0
0
0
0
0
0
0
0
125492
