134
322
0
398
0
35
0
979
0
71
0
73
0
83
0
3624
0
38
0
40
0
3
0
36
0
25
0
43
0
35
0
1145
0
0
0
0
0
5
0
25
0
0
0
2
0
6
0
57
0
0
0
11
0
6
0
25
0
0
0
33
0
58
0
463
0
0
0
0
0
0
0
0
0
0
0
0
0
0
0
0
0
0
0
0
0
0
0
5
0
0
0
5
0
0
0
49
0
0
0
0
0
0
0
0
0
0
0
0
0
0
0
42
0
0
0
0
0
0
0
25
0
0
0
0
0
0
0
415
0
0
0
0
0
0
0
0
0
0
0
0
0
0
0
0
0
0
0
0
0
0
0
0
0
0
0
0
0
0
0
0
0
0
0
0
0
0
0
0
0
0
0
0
0
0
0
0
0
0
0
0
0
0
0
0
0
0
0
0
0
0
0
0
0
0
0
0
0
0
0
0
0
0
0
0
0
0
0
0
0
0
0
0
0
0
0
0
0
0
0
0
0
0
0
0
0
0
0
0
0
0
0
0
0
0
0
0
0
0
0
0
0
0
0
0
0
0
0
0
0
0
0
0
0
0
0
150088
