255
624
0
686
0
88
0
1163
0
102
0
124
0
157
0
2602
0
38
0
80
0
4
0
88
0
74
0
91
0
75
0
1393
0
0
0
0
0
10
0
75
0
0
0
8
0
12
0
137
0
0
0
37
0
15
0
73
0
0
0
60
0
110
0
793
0
0
0
0
0
0
0
0
0
0
0
0
0
0
0
0
0
0
0
0
0
1
0
3
0
0
0
7
0
0
0
105
0
0
0
0
0
0
0
0
0
0
0
0
0
0
0
90
0
0
0
0
0
0
0
40
0
0
0
0
0
0
0
759
0
0
0
0
0
0
0
0
0
0
0
0
0
0
0
0
0
0
0
0
0
0
0
0
0
0
0
0
0
0
0
0
0
0
0
0
0
0
0
0
0
0
0
0
0
0
0
0
0
0
0
0
0
0
0
0
0
0
0
0
0
0
0
0
0
0
0
0
0
0
0
0
0
0
0
0
0
0
0
0
0
0
0
0
0
0
0
0
0
0
0
0
0
0
0
0
0
0
0
0
0
0
0
0
0
0
0
0
0
0
0
0
0
0
0
0
0
0
0
0
0
0
0
0
0
0
0
148425
