120
298
0
422
0
39
0
1337
0
35
0
61
0
63
0
3366
0
40
0
59
0
11
0
54
0
43
0
51
0
76
0
2167
0
0
0
0
0
2
0
34
0
0
0
7
0
3
0
62
0
0
0
17
0
3
0
36
0
0
0
48
0
63
0
839
0
0
0
0
0
0
0
0
0
0
0
0
0
0
0
0
0
0
0
0
0
1
0
11
0
0
0
1
0
0
0
116
0
0
0
0
0
0
0
0
0
0
0
0
0
0
0
31
0
0
0
0
0
0
0
28
0
0
0
0
0
0
0
767
0
0
0
0
0
0
0
0
0
0
0
0
0
0
0
0
0
0
0
0
0
0
0
0
0
0
0
0
0
0
0
0
0
0
0
0
0
0
0
0
0
0
0
0
0
0
0
0
0
0
0
0
0
0
0
0
0
0
0
0
0
0
0
0
0
0
0
0
0
0
0
0
0
0
0
0
0
0
0
0
0
0
0
0
0
0
0
0
0
0
0
0
0
0
0
0
0
0
0
0
0
0
0
0
0
0
0
0
0
0
0
0
0
0
0
0
0
0
0
0
0
0
0
0
0
0
0
148093
