375
995
0
1737
0
140
0
4399
0
105
0
228
0
158
0
10491
0
164
0
183
0
21
0
262
0
159
0
177
0
228
0
7913
0
0
0
0
0
4
0
159
0
0
0
10
0
10
0
228
0
0
0
72
0
13
0
147
0
0
0
179
0
252
0
3954
0
0
0
0
0
0
0
0
0
0
0
0
0
0
0
0
0
0
0
0
0
1
0
22
0
0
0
14
0
0
0
277
0
0
0
0
0
0
0
0
0
0
0
0
0
0
0
189
0
0
0
0
0
0
0
94
0
0
0
0
0
0
0
2795
0
0
0
0
0
0
0
0
0
0
0
0
0
0
0
0
0
0
0
0
0
0
0
0
0
0
0
0
0
0
0
0
0
0
0
0
0
0
0
0
0
0
0
0
0
0
0
0
0
0
0
0
0
0
0
0
0
0
0
0
0
0
0
0
0
0
0
0
0
0
0
0
0
0
0
0
0
0
0
0
0
0
0
0
0
0
0
0
0
0
0
0
0
0
0
0
0
0
0
0
0
0
0
0
0
0
0
0
0
0
0
0
0
0
0
0
0
0
0
0
0
0
0
0
0
0
0
122249
