162
616
0
1137
0
69
0
3456
0
91
0
202
0
138
0
13127
0
58
0
79
0
4
0
131
0
101
0
100
0
108
0
6573
0
0
0
0
0
5
0
72
0
0
0
5
0
7
0
154
0
0
0
27
0
7
0
76
0
0
0
52
0
180
0
2651
0
0
0
0
0
0
0
0
0
0
0
0
0
0
0
0
0
0
0
0
0
0
0
14
0
0
0
5
0
0
0
151
0
0
0
0
0
0
0
0
0
0
0
0
0
0
0
84
0
0
0
0
0
0
0
33
0
0
0
0
0
0
0
2272
0
0
0
0
0
0
0
0
0
0
0
0
0
0
0
0
0
0
0
0
0
0
0
0
0
0
0
0
0
0
0
0
0
0
0
0
0
0
0
0
0
0
0
0
0
0
0
0
0
0
0
0
0
0
0
0
0
0
0
0
0
0
0
0
0
0
0
0
0
0
0
0
0
0
0
0
0
0
0
0
0
0
0
0
0
0
0
0
0
0
0
0
0
0
0
0
0
0
0
0
0
0
0
0
0
0
0
0
0
0
0
0
0
0
0
0
0
0
0
0
0
0
0
0
0
0
0
126457
