96
270
0
475
0
45
0
985
0
30
0
77
0
70
0
2768
0
38
0
46
0
9
0
73
0
46
0
51
0
83
0
1747
0
0
0
0
0
1
0
49
0
0
0
5
0
1
0
75
0
0
0
16
0
4
0
48
0
0
0
43
0
78
0
960
0
0
0
0
0
0
0
0
0
0
0
0
0
0
0
0
0
0
0
0
0
1
0
11
0
0
0
3
0
0
0
124
0
0
0
0
0
0
0
0
0
0
0
0
0
0
0
33
0
0
0
0
0
0
0
45
0
0
0
0
0
0
0
1137
0
0
0
0
0
0
0
0
0
0
0
0
0
0
0
0
0
0
0
0
0
0
0
0
0
0
0
0
0
0
0
0
0
0
0
0
0
0
0
0
0
0
0
0
0
0
0
0
0
0
0
0
0
0
0
0
0
0
0
0
0
0
0
0
0
0
0
0
0
0
0
0
0
0
0
0
0
0
0
0
0
0
0
0
0
0
0
0
0
0
0
0
0
0
0
0
0
0
0
0
0
0
0
0
0
0
0
0
0
0
0
0
0
0
0
0
0
0
0
0
0
0
0
0
0
0
0
148861
