118
310
0
640
0
53
0
1948
0
54
0
58
0
51
0
5266
0
38
0
50
0
8
0
103
0
45
0
48
0
99
0
3522
0
0
0
0
0
3
0
41
0
0
0
3
0
4
0
74
0
0
0
23
0
2
0
46
0
0
0
59
0
86
0
1416
0
0
0
0
0
0
0
0
0
0
0
0
0
0
0
0
0
0
0
0
0
0
0
13
0
0
0
4
0
0
0
94
0
0
0
0
0
0
0
0
0
0
0
0
0
0
0
44
0
0
0
0
0
0
0
26
0
0
0
0
0
0
0
1051
0
0
0
0
0
0
0
0
0
0
0
0
0
0
0
0
0
0
0
0
0
0
0
0
0
0
0
0
0
0
0
0
0
0
0
0
0
0
0
0
0
0
0
0
0
0
0
0
0
0
0
0
0
0
0
0
0
0
0
0
0
0
0
0
0
0
0
0
0
0
0
0
0
0
0
0
0
0
0
0
0
0
0
0
0
0
0
0
0
0
0
0
0
0
0
0
0
0
0
0
0
0
0
0
0
0
0
0
0
0
0
0
0
0
0
0
0
0
0
0
0
0
0
0
0
0
0
143004
