120
410
0
521
0
38
0
1704
0
42
0
54
0
69
0
5795
0
59
0
55
0
6
0
77
0
45
0
41
0
89
0
2873
0
0
0
0
0
2
0
48
0
0
0
3
0
5
0
66
0
0
0
11
0
1
0
37
0
0
0
29
0
47
0
1017
0
0
0
0
0
0
0
0
0
0
0
0
0
0
0
0
0
0
0
0
0
0
0
5
0
0
0
2
0
0
0
81
0
0
0
0
0
0
0
0
0
0
0
0
0
0
0
45
0
0
0
0
0
0
0
20
0
0
0
0
0
0
0
721
0
0
0
0
0
0
0
0
0
0
0
0
0
0
0
0
0
0
0
0
0
0
0
0
0
0
0
0
0
0
0
0
0
0
0
0
0
0
0
0
0
0
0
0
0
0
0
0
0
0
0
0
0
0
0
0
0
0
0
0
0
0
0
0
0
0
0
0
0
0
0
0
0
0
0
0
0
0
0
0
0
0
0
0
0
0
0
0
0
0
0
0
0
0
0
0
0
0
0
0
0
0
0
0
0
0
0
0
0
0
0
0
0
0
0
0
0
0
0
0
0
0
0
0
0
0
0
144266
