585
1354
0
1977
0
214
0
4030
0
218
0
301
0
312
0
9791
0
192
0
247
0
24
0
281
0
246
0
252
0
296
0
7454
0
0
0
0
0
15
0
256
0
0
0
16
0
23
0
314
0
0
0
96
0
14
0
278
0
0
0
213
0
311
0
4235
0
0
0
0
0
0
0
0
0
0
0
0
0
0
0
0
0
0
0
0
0
2
0
19
0
0
0
27
0
0
0
341
0
0
0
0
0
0
0
0
0
0
0
0
0
0
0
256
0
0
0
0
0
0
0
142
0
0
0
0
0
0
0
3196
0
0
0
0
0
0
0
0
0
0
0
0
0
0
0
0
0
0
0
0
0
0
0
0
0
0
0
0
0
0
0
0
0
0
0
0
0
0
0
0
0
0
0
0
0
0
0
0
0
0
0
0
0
0
0
0
0
0
0
0
0
0
0
0
0
0
0
0
0
0
0
0
0
0
0
0
0
0
0
0
0
0
0
0
0
0
0
0
0
0
0
0
0
0
0
0
0
0
0
0
0
0
0
0
0
0
0
0
0
0
0
0
0
0
0
0
0
0
0
0
0
0
0
0
0
0
0
120876
