178
557
0
886
0
93
0
2431
0
100
0
119
0
142
0
8043
0
89
0
75
0
30
0
145
0
85
0
97
0
192
0
5164
0
0
0
0
0
14
0
79
0
0
0
39
0
22
0
163
0
0
0
28
0
23
0
115
0
0
0
103
0
183
0
2469
0
0
0
0
0
0
0
0
0
0
0
0
0
0
0
0
0
0
0
0
0
6
0
63
0
0
0
43
0
0
0
330
0
0
0
0
0
0
0
0
0
0
0
0
0
0
0
199
0
0
0
0
0
0
0
116
0
0
0
0
0
0
0
2609
0
0
0
0
0
0
0
0
0
0
0
0
0
0
0
0
0
0
0
0
0
0
0
0
0
0
0
0
0
0
0
0
0
0
0
0
0
0
0
0
0
0
0
0
0
0
0
0
0
0
0
0
0
0
0
0
0
0
0
0
0
0
0
0
0
0
0
0
0
0
0
0
0
0
0
0
0
0
0
0
0
0
0
0
0
0
0
0
0
0
0
0
0
0
0
0
0
0
0
0
0
0
0
0
0
0
0
0
0
0
0
0
0
0
0
0
0
0
0
0
0
0
0
0
0
0
0
133374
