211
464
0
1006
0
67
0
2728
0
52
0
89
0
107
0
6054
0
66
0
74
0
9
0
93
0
86
0
99
0
81
0
3738
0
0
0
0
0
2
0
81
0
0
0
0
0
5
0
111
0
0
0
34
0
2
0
85
0
0
0
76
0
82
0
1678
0
0
0
0
0
0
0
0
0
0
0
0
0
0
0
0
0
0
0
0
0
1
0
5
0
0
0
2
0
0
0
65
0
0
0
0
0
0
0
0
0
0
0
0
0
0
0
52
0
0
0
0
0
0
0
46
0
0
0
0
0
0
0
919
0
0
0
0
0
0
0
0
0
0
0
0
0
0
0
0
0
0
0
0
0
0
0
0
0
0
0
0
0
0
0
0
0
0
0
0
0
0
0
0
0
0
0
0
0
0
0
0
0
0
0
0
0
0
0
0
0
0
0
0
0
0
0
0
0
0
0
0
0
0
0
0
0
0
0
0
0
0
0
0
0
0
0
0
0
0
0
0
0
0
0
0
0
0
0
0
0
0
0
0
0
0
0
0
0
0
0
0
0
0
0
0
0
0
0
0
0
0
0
0
0
0
0
0
0
0
0
140134
