311
1068
0
2107
0
110
0
5345
0
134
0
273
0
261
0
18847
0
131
0
178
0
17
0
279
0
175
0
191
0
257
0
12386
0
0
0
0
0
1
0
118
0
0
0
6
0
6
0
201
0
0
0
50
0
7
0
138
0
0
0
125
0
221
0
5339
0
0
0
0
0
0
0
0
0
0
0
0
0
0
0
0
0
0
0
0
0
0
0
8
0
0
0
4
0
0
0
226
0
0
0
0
0
0
0
0
0
0
0
0
0
0
0
137
0
0
0
0
0
0
0
77
0
0
0
0
0
0
0
2863
0
0
0
0
0
0
0
0
0
0
0
0
0
0
0
0
0
0
0
0
0
0
0
0
0
0
0
0
0
0
0
0
0
0
0
0
0
0
0
0
0
0
0
0
0
0
0
0
0
0
0
0
0
0
0
0
0
0
0
0
0
0
0
0
0
0
0
0
0
0
0
0
0
0
0
0
0
0
0
0
0
0
0
0
0
0
0
0
0
0
0
0
0
0
0
0
0
0
0
0
0
0
0
0
0
0
0
0
0
0
0
0
0
0
0
0
0
0
0
0
0
0
0
0
0
0
0
106807
