286
563
0
551
0
65
0
1015
0
110
0
126
0
131
0
3299
0
62
0
64
0
1
0
52
0
62
0
66
0
44
0
1298
0
0
0
0
0
2
0
41
0
0
0
2
0
4
0
37
0
0
0
22
0
1
0
32
0
0
0
38
0
47
0
431
0
0
0
0
0
0
0
0
0
0
0
0
0
0
0
0
0
0
0
0
0
0
0
1
0
0
0
6
0
0
0
27
0
0
0
0
0
0
0
0
0
0
0
0
0
0
0
34
0
0
0
0
0
0
0
18
0
0
0
0
0
0
0
298
0
0
0
0
0
0
0
0
0
0
0
0
0
0
0
0
0
0
0
0
0
0
0
0
0
0
0
0
0
0
0
0
0
0
0
0
0
0
0
0
0
0
0
0
0
0
0
0
0
0
0
0
0
0
0
0
0
0
0
0
0
0
0
0
0
0
0
0
0
0
0
0
0
0
0
0
0
0
0
0
0
0
0
0
0
0
0
0
0
0
0
0
0
0
0
0
0
0
0
0
0
0
0
0
0
0
0
0
0
0
0
0
0
0
0
0
0
0
0
0
0
0
0
0
0
0
0
149568
