216
661
0
1399
0
91
0
3761
0
99
0
162
0
151
0
13196
0
89
0
86
0
11
0
172
0
101
0
108
0
171
0
7019
0
0
0
0
0
5
0
67
0
0
0
11
0
7
0
169
0
0
0
39
0
11
0
80
0
0
0
82
0
154
0
2763
0
0
0
0
0
0
0
0
0
0
0
0
0
0
0
0
0
0
0
0
0
0
0
13
0
0
0
4
0
0
0
189
0
0
0
0
0
0
0
0
0
0
0
0
0
0
0
116
0
0
0
0
0
0
0
59
0
0
0
0
0
0
0
2114
0
0
0
0
0
0
0
0
0
0
0
0
0
0
0
0
0
0
0
0
0
0
0
0
0
0
0
0
0
0
0
0
0
0
0
0
0
0
0
0
0
0
0
0
0
0
0
0
0
0
0
0
0
0
0
0
0
0
0
0
0
0
0
0
0
0
0
0
0
0
0
0
0
0
0
0
0
0
0
0
0
0
0
0
0
0
0
0
0
0
0
0
0
0
0
0
0
0
0
0
0
0
0
0
0
0
0
0
0
0
0
0
0
0
0
0
0
0
0
0
0
0
0
0
0
0
0
125028
