240
852
0
793
0
110
0
2092
0
161
0
259
0
187
0
12469
0
229
0
191
0
34
0
304
0
184
0
155
0
271
0
8774
0
0
0
0
0
18
0
91
0
0
0
29
0
25
0
231
0
0
0
52
0
38
0
152
0
0
0
128
0
281
0
3325
0
0
0
0
0
0
0
0
0
0
0
0
0
0
0
0
0
0
0
0
0
3
0
52
0
0
0
31
0
0
0
458
0
0
0
0
0
0
0
0
0
0
0
0
0
0
0
227
0
0
0
0
0
0
0
139
0
0
0
0
0
0
0
4227
0
0
0
0
0
0
0
0
0
0
0
0
0
0
0
0
0
0
0
0
0
0
0
0
0
0
0
0
0
0
0
0
0
0
0
0
0
0
0
0
0
0
0
0
0
0
0
0
0
0
0
0
0
0
0
0
0
0
0
0
0
0
0
0
0
0
0
0
0
0
0
0
0
0
0
0
0
0
0
0
0
0
0
0
0
0
0
0
0
0
0
0
0
0
0
0
0
0
0
0
0
0
0
0
0
0
0
0
0
0
0
0
0
0
0
0
0
0
0
0
0
0
0
0
0
0
0
121592
