775
1636
0
1906
0
206
0
3247
0
239
0
271
0
234
0
6397
0
316
0
224
0
19
0
237
0
245
0
226
0
253
0
4861
0
0
0
0
0
14
0
222
0
0
0
12
0
16
0
270
0
0
0
85
0
16
0
207
0
0
0
211
0
239
0
2459
0
0
0
0
0
0
0
0
0
0
0
0
0
0
0
0
0
0
0
0
0
1
0
15
0
0
0
26
0
0
0
240
0
0
0
0
0
0
0
0
0
0
0
0
0
0
0
252
0
0
0
0
0
0
0
139
0
0
0
0
0
0
0
2486
0
0
0
0
0
0
0
0
0
0
0
0
0
0
0
0
0
0
0
0
0
0
0
0
0
0
0
0
0
0
0
0
0
0
0
0
0
0
0
0
0
0
0
0
0
0
0
0
0
0
0
0
0
0
0
0
0
0
0
0
0
0
0
0
0
0
0
0
0
0
0
0
0
0
0
0
0
0
0
0
0
0
0
0
0
0
0
0
0
0
0
0
0
0
0
0
0
0
0
0
0
0
0
0
0
0
0
0
0
0
0
0
0
0
0
0
0
0
0
0
0
0
0
0
0
0
0
130202
