718
1736
0
1973
0
309
0
2783
0
228
0
338
0
374
0
4877
0
142
0
222
0
21
0
195
0
188
0
288
0
184
0
2863
0
0
0
0
0
20
0
260
0
0
0
17
0
38
0
351
0
0
0
90
0
11
0
200
0
0
0
192
0
367
0
2134
0
0
0
0
0
0
0
0
0
0
0
0
0
0
0
0
0
0
0
0
0
0
0
17
0
0
0
20
0
0
0
286
0
0
0
0
0
0
0
0
0
0
0
0
0
0
0
236
0
0
0
0
0
0
0
100
0
0
0
0
0
0
0
1963
0
0
0
0
0
0
0
0
0
0
0
0
0
0
0
0
0
0
0
0
0
0
0
0
0
0
0
0
0
0
0
0
0
0
0
0
0
0
0
0
0
0
0
0
0
0
0
0
0
0
0
0
0
0
0
0
0
0
0
0
0
0
0
0
0
0
0
0
0
0
0
0
0
0
0
0
0
0
0
0
0
0
0
0
0
0
0
0
0
0
0
0
0
0
0
0
0
0
0
0
0
0
0
0
0
0
0
0
0
0
0
0
0
0
0
0
0
0
0
0
0
0
0
0
0
0
0
134663
