531
1153
0
1602
0
137
0
2790
0
121
0
186
0
169
0
4741
0
70
0
122
0
5
0
154
0
133
0
174
0
141
0
2563
0
0
0
0
0
5
0
173
0
0
0
6
0
11
0
182
0
0
0
69
0
2
0
147
0
0
0
138
0
201
0
1535
0
0
0
0
0
0
0
0
0
0
0
0
0
0
0
0
0
0
0
0
0
0
0
8
0
0
0
7
0
0
0
138
0
0
0
0
0
0
0
0
0
0
0
0
0
0
0
145
0
0
0
0
0
0
0
79
0
0
0
0
0
0
0
1229
0
0
0
0
0
0
0
0
0
0
0
0
0
0
0
0
0
0
0
0
0
0
0
0
0
0
0
0
0
0
0
0
0
0
0
0
0
0
0
0
0
0
0
0
0
0
0
0
0
0
0
0
0
0
0
0
0
0
0
0
0
0
0
0
0
0
0
0
0
0
0
0
0
0
0
0
0
0
0
0
0
0
0
0
0
0
0
0
0
0
0
0
0
0
0
0
0
0
0
0
0
0
0
0
0
0
0
0
0
0
0
0
0
0
0
0
0
0
0
0
0
0
0
0
0
0
0
139537
