448
1002
0
1569
0
143
0
3459
0
159
0
202
0
228
0
8660
0
104
0
182
0
19
0
210
0
146
0
157
0
222
0
5537
0
0
0
0
0
12
0
152
0
0
0
19
0
16
0
227
0
0
0
73
0
9
0
154
0
0
0
120
0
214
0
2553
0
0
0
0
0
0
0
0
0
0
0
0
0
0
0
0
0
0
0
0
0
0
0
12
0
0
0
12
0
0
0
196
0
0
0
0
0
0
0
0
0
0
0
0
0
0
0
166
0
0
0
0
0
0
0
85
0
0
0
0
0
0
0
1960
0
0
0
0
0
0
0
0
0
0
0
0
0
0
0
0
0
0
0
0
0
0
0
0
0
0
0
0
0
0
0
0
0
0
0
0
0
0
0
0
0
0
0
0
0
0
0
0
0
0
0
0
0
0
0
0
0
0
0
0
0
0
0
0
0
0
0
0
0
0
0
0
0
0
0
0
0
0
0
0
0
0
0
0
0
0
0
0
0
0
0
0
0
0
0
0
0
0
0
0
0
0
0
0
0
0
0
0
0
0
0
0
0
0
0
0
0
0
0
0
0
0
0
0
0
0
0
129977
