88
310
0
570
0
46
0
1689
0
59
0
51
0
63
0
5744
0
65
0
37
0
6
0
74
0
46
0
40
0
86
0
3707
0
0
0
0
0
4
0
31
0
0
0
4
0
3
0
76
0
0
0
12
0
5
0
37
0
0
0
31
0
80
0
1337
0
0
0
0
0
0
0
0
0
0
0
0
0
0
0
0
0
0
0
0
0
0
0
6
0
0
0
5
0
0
0
101
0
0
0
0
0
0
0
0
0
0
0
0
0
0
0
32
0
0
0
0
0
0
0
32
0
0
0
0
0
0
0
1132
0
0
0
0
0
0
0
0
0
0
0
0
0
0
0
0
0
0
0
0
0
0
0
0
0
0
0
0
0
0
0
0
0
0
0
0
0
0
0
0
0
0
0
0
0
0
0
0
0
0
0
0
0
0
0
0
0
0
0
0
0
0
0
0
0
0
0
0
0
0
0
0
0
0
0
0
0
0
0
0
0
0
0
0
0
0
0
0
0
0
0
0
0
0
0
0
0
0
0
0
0
0
0
0
0
0
0
0
0
0
0
0
0
0
0
0
0
0
0
0
0
0
0
0
0
0
0
142795
