176
708
0
1155
0
87
0
2797
0
132
0
236
0
234
0
12300
0
114
0
131
0
10
0
244
0
123
0
171
0
216
0
9329
0
0
0
0
0
6
0
109
0
0
0
7
0
11
0
226
0
0
0
54
0
11
0
114
0
0
0
126
0
274
0
4086
0
0
0
0
0
0
0
0
0
0
0
0
0
0
0
0
0
0
0
0
0
1
0
17
0
0
0
11
0
0
0
451
0
0
0
0
0
0
0
0
0
0
0
0
0
0
0
165
0
0
0
0
0
0
0
94
0
0
0
0
0
0
0
3850
0
0
0
0
0
0
0
0
0
0
0
0
0
0
0
0
0
0
0
0
0
0
0
0
0
0
0
0
0
0
0
0
0
0
0
0
0
0
0
0
0
0
0
0
0
0
0
0
0
0
0
0
0
0
0
0
0
0
0
0
0
0
0
0
0
0
0
0
0
0
0
0
0
0
0
0
0
0
0
0
0
0
0
0
0
0
0
0
0
0
0
0
0
0
0
0
0
0
0
0
0
0
0
0
0
0
0
0
0
0
0
0
0
0
0
0
0
0
0
0
0
0
0
0
0
0
0
120628
