257
423
0
464
0
68
0
839
0
83
0
83
0
114
0
2128
0
52
0
63
0
6
0
59
0
61
0
74
0
40
0
1017
0
0
0
0
0
6
0
55
0
0
0
4
0
5
0
68
0
0
0
32
0
5
0
57
0
0
0
44
0
58
0
508
0
0
0
0
0
0
0
0
0
0
0
0
0
0
0
0
0
0
0
0
0
0
0
4
0
0
0
10
0
0
0
53
0
0
0
0
0
0
0
0
0
0
0
0
0
0
0
55
0
0
0
0
0
0
0
27
0
0
0
0
0
0
0
371
0
0
0
0
0
0
0
0
0
0
0
0
0
0
0
0
0
0
0
0
0
0
0
0
0
0
0
0
0
0
0
0
0
0
0
0
0
0
0
0
0
0
0
0
0
0
0
0
0
0
0
0
0
0
0
0
0
0
0
0
0
0
0
0
0
0
0
0
0
0
0
0
0
0
0
0
0
0
0
0
0
0
0
0
0
0
0
0
0
0
0
0
0
0
0
0
0
0
0
0
0
0
0
0
0
0
0
0
0
0
0
0
0
0
0
0
0
0
0
0
0
0
0
0
0
0
0
151211
