274
717
0
1259
0
78
0
3376
0
90
0
122
0
140
0
7542
0
54
0
112
0
10
0
150
0
66
0
104
0
126
0
4798
0
0
0
0
0
5
0
104
0
0
0
3
0
5
0
122
0
0
0
40
0
8
0
103
0
0
0
111
0
114
0
2230
0
0
0
0
0
0
0
0
0
0
0
0
0
0
0
0
0
0
0
0
0
0
0
7
0
0
0
4
0
0
0
107
0
0
0
0
0
0
0
0
0
0
0
0
0
0
0
102
0
0
0
0
0
0
0
51
0
0
0
0
0
0
0
1234
0
0
0
0
0
0
0
0
0
0
0
0
0
0
0
0
0
0
0
0
0
0
0
0
0
0
0
0
0
0
0
0
0
0
0
0
0
0
0
0
0
0
0
0
0
0
0
0
0
0
0
0
0
0
0
0
0
0
0
0
0
0
0
0
0
0
0
0
0
0
0
0
0
0
0
0
0
0
0
0
0
0
0
0
0
0
0
0
0
0
0
0
0
0
0
0
0
0
0
0
0
0
0
0
0
0
0
0
0
0
0
0
0
0
0
0
0
0
0
0
0
0
0
0
0
0
0
135036
