197
722
0
1005
0
55
0
2545
0
122
0
149
0
202
0
11740
0
132
0
118
0
10
0
164
0
120
0
100
0
211
0
7873
0
0
0
0
0
6
0
83
0
0
0
4
0
10
0
170
0
0
0
33
0
6
0
87
0
0
0
81
0
183
0
3160
0
0
0
0
0
0
0
0
0
0
0
0
0
0
0
0
0
0
0
0
0
0
0
9
0
0
0
7
0
0
0
265
0
0
0
0
0
0
0
0
0
0
0
0
0
0
0
104
0
0
0
0
0
0
0
81
0
0
0
0
0
0
0
2814
0
0
0
0
0
0
0
0
0
0
0
0
0
0
0
0
0
0
0
0
0
0
0
0
0
0
0
0
0
0
0
0
0
0
0
0
0
0
0
0
0
0
0
0
0
0
0
0
0
0
0
0
0
0
0
0
0
0
0
0
0
0
0
0
0
0
0
0
0
0
0
0
0
0
0
0
0
0
0
0
0
0
0
0
0
0
0
0
0
0
0
0
0
0
0
0
0
0
0
0
0
0
0
0
0
0
0
0
0
0
0
0
0
0
0
0
0
0
0
0
0
0
0
0
0
0
0
125836
