146
444
0
739
0
52
0
1861
0
60
0
106
0
81
0
5481
0
42
0
47
0
5
0
61
0
54
0
53
0
70
0
2516
0
0
0
0
0
7
0
38
0
0
0
2
0
11
0
86
0
0
0
18
0
5
0
39
0
0
0
44
0
97
0
918
0
0
0
0
0
0
0
0
0
0
0
0
0
0
0
0
0
0
0
0
0
0
0
7
0
0
0
9
0
0
0
63
0
0
0
0
0
0
0
0
0
0
0
0
0
0
0
65
0
0
0
0
0
0
0
29
0
0
0
0
0
0
0
700
0
0
0
0
0
0
0
0
0
0
0
0
0
0
0
0
0
0
0
0
0
0
0
0
0
0
0
0
0
0
0
0
0
0
0
0
0
0
0
0
0
0
0
0
0
0
0
0
0
0
0
0
0
0
0
0
0
0
0
0
0
0
0
0
0
0
0
0
0
0
0
0
0
0
0
0
0
0
0
0
0
0
0
0
0
0
0
0
0
0
0
0
0
0
0
0
0
0
0
0
0
0
0
0
0
0
0
0
0
0
0
0
0
0
0
0
0
0
0
0
0
0
0
0
0
0
0
144448
