334
1203
0
1984
0
125
0
3960
0
133
0
223
0
240
0
14027
0
156
0
156
0
28
0
297
0
165
0
201
0
260
0
8118
0
0
0
0
0
7
0
159
0
0
0
8
0
7
0
303
0
0
0
80
0
14
0
181
0
0
0
157
0
275
0
3666
0
0
0
0
0
0
0
0
0
0
0
0
0
0
0
0
0
0
0
0
0
0
0
13
0
0
0
10
0
0
0
291
0
0
0
0
0
0
0
0
0
0
0
0
0
0
0
167
0
0
0
0
0
0
0
114
0
0
0
0
0
0
0
3328
0
0
0
0
0
0
0
0
0
0
0
0
0
0
0
0
0
0
0
0
0
0
0
0
0
0
0
0
0
0
0
0
0
0
0
0
0
0
0
0
0
0
0
0
0
0
0
0
0
0
0
0
0
0
0
0
0
0
0
0
0
0
0
0
0
0
0
0
0
0
0
0
0
0
0
0
0
0
0
0
0
0
0
0
0
0
0
0
0
0
0
0
0
0
0
0
0
0
0
0
0
0
0
0
0
0
0
0
0
0
0
0
0
0
0
0
0
0
0
0
0
0
0
0
0
0
0
118014
