237
869
0
1218
0
73
0
2656
0
116
0
120
0
186
0
9389
0
101
0
81
0
9
0
102
0
90
0
109
0
121
0
4055
0
0
0
0
0
4
0
71
0
0
0
3
0
8
0
219
0
0
0
27
0
4
0
81
0
0
0
73
0
112
0
1526
0
0
0
0
0
0
0
0
0
0
0
0
0
0
0
0
0
0
0
0
0
1
0
3
0
0
0
14
0
0
0
97
0
0
0
0
0
0
0
0
0
0
0
0
0
0
0
115
0
0
0
0
0
0
0
68
0
0
0
0
0
0
0
1351
0
0
0
0
0
0
0
0
0
0
0
0
0
0
0
0
0
0
0
0
0
0
0
0
0
0
0
0
0
0
0
0
0
0
0
0
0
0
0
0
0
0
0
0
0
0
0
0
0
0
0
0
0
0
0
0
0
0
0
0
0
0
0
0
0
0
0
0
0
0
0
0
0
0
0
0
0
0
0
0
0
0
0
0
0
0
0
0
0
0
0
0
0
0
0
0
0
0
0
0
0
0
0
0
0
0
0
0
0
0
0
0
0
0
0
0
0
0
0
0
0
0
0
0
0
0
0
135095
