132
335
0
424
0
48
0
976
0
48
0
70
0
65
0
2549
0
40
0
63
0
4
0
54
0
43
0
55
0
58
0
1507
0
0
0
0
0
2
0
42
0
0
0
6
0
5
0
59
0
0
0
14
0
6
0
38
0
0
0
36
0
68
0
806
0
0
0
0
0
0
0
0
0
0
0
0
0
0
0
0
0
0
0
0
0
0
0
9
0
0
0
4
0
0
0
72
0
0
0
0
0
0
0
0
0
0
0
0
0
0
0
46
0
0
0
0
0
0
0
26
0
0
0
0
0
0
0
762
0
0
0
0
0
0
0
0
0
0
0
0
0
0
0
0
0
0
0
0
0
0
0
0
0
0
0
0
0
0
0
0
0
0
0
0
0
0
0
0
0
0
0
0
0
0
0
0
0
0
0
0
0
0
0
0
0
0
0
0
0
0
0
0
0
0
0
0
0
0
0
0
0
0
0
0
0
0
0
0
0
0
0
0
0
0
0
0
0
0
0
0
0
0
0
0
0
0
0
0
0
0
0
0
0
0
0
0
0
0
0
0
0
0
0
0
0
0
0
0
0
0
0
0
0
0
0
149932
