273
652
0
1163
0
88
0
3791
0
91
0
168
0
169
0
18431
0
111
0
93
0
11
0
156
0
102
0
122
0
199
0
13000
0
0
0
0
0
8
0
70
0
0
0
8
0
16
0
226
0
0
0
37
0
9
0
108
0
0
0
97
0
222
0
5099
0
0
0
0
0
0
0
0
0
0
0
0
0
0
0
0
0
0
0
0
0
1
0
14
0
0
0
15
0
0
0
402
0
0
0
0
0
0
0
0
0
0
0
0
0
0
0
124
0
0
0
0
0
0
0
88
0
0
0
0
0
0
0
4611
0
0
0
0
0
0
0
0
0
0
0
0
0
0
0
0
0
0
0
0
0
0
0
0
0
0
0
0
0
0
0
0
0
0
0
0
0
0
0
0
0
0
0
0
0
0
0
0
0
0
0
0
0
0
0
0
0
0
0
0
0
0
0
0
0
0
0
0
0
0
0
0
0
0
0
0
0
0
0
0
0
0
0
0
0
0
0
0
0
0
0
0
0
0
0
0
0
0
0
0
0
0
0
0
0
0
0
0
0
0
0
0
0
0
0
0
0
0
0
0
0
0
0
0
0
0
0
108629
