463
1615
0
2270
0
183
0
5785
0
326
0
419
0
501
0
21301
0
272
0
252
0
28
0
278
0
228
0
321
0
287
0
11946
0
0
0
0
0
17
0
200
0
0
0
21
0
45
0
517
0
0
0
81
0
9
0
185
0
0
0
190
0
418
0
4656
0
0
0
0
0
0
0
0
0
0
0
0
0
0
0
0
0
0
0
0
0
1
0
21
0
0
0
28
0
0
0
463
0
0
0
0
0
0
0
0
0
0
0
0
0
0
0
358
0
0
0
0
0
0
0
133
0
0
0
0
0
0
0
3729
0
0
0
0
0
0
0
0
0
0
0
0
0
0
0
0
0
0
0
0
0
0
0
0
0
0
0
0
0
0
0
0
0
0
0
0
0
0
0
0
0
0
0
0
0
0
0
0
0
0
0
0
0
0
0
0
0
0
0
0
0
0
0
0
0
0
0
0
0
0
0
0
0
0
0
0
0
0
0
0
0
0
0
0
0
0
0
0
0
0
0
0
0
0
0
0
0
0
0
0
0
0
0
0
0
0
0
0
0
0
0
0
0
0
0
0
0
0
0
0
0
0
0
0
0
0
0
100857
