355
755
0
1067
0
135
0
2555
0
118
0
151
0
145
0
7226
0
105
0
109
0
17
0
139
0
115
0
124
0
143
0
4150
0
0
0
0
0
18
0
105
0
0
0
17
0
8
0
153
0
0
0
55
0
8
0
110
0
0
0
116
0
160
0
2092
0
0
0
0
0
0
0
0
0
0
0
0
0
0
0
0
0
0
0
0
0
1
0
17
0
0
0
14
0
0
0
226
0
0
0
0
0
0
0
0
0
0
0
0
0
0
0
141
0
0
0
0
0
0
0
71
0
0
0
0
0
0
0
1757
0
0
0
0
0
0
0
0
0
0
0
0
0
0
0
0
0
0
0
0
0
0
0
0
0
0
0
0
0
0
0
0
0
0
0
0
0
0
0
0
0
0
0
0
0
0
0
0
0
0
0
0
0
0
0
0
0
0
0
0
0
0
0
0
0
0
0
0
0
0
0
0
0
0
0
0
0
0
0
0
0
0
0
0
0
0
0
0
0
0
0
0
0
0
0
0
0
0
0
0
0
0
0
0
0
0
0
0
0
0
0
0
0
0
0
0
0
0
0
0
0
0
0
0
0
0
0
135926
