377
801
0
1008
0
91
0
2371
0
124
0
123
0
163
0
5901
0
119
0
128
0
14
0
141
0
114
0
133
0
131
0
3583
0
0
0
0
0
7
0
98
0
0
0
12
0
9
0
155
0
0
0
42
0
9
0
98
0
0
0
103
0
128
0
1554
0
0
0
0
0
0
0
0
0
0
0
0
0
0
0
0
0
0
0
0
0
0
0
11
0
0
0
20
0
0
0
130
0
0
0
0
0
0
0
0
0
0
0
0
0
0
0
138
0
0
0
0
0
0
0
76
0
0
0
0
0
0
0
1284
0
0
0
0
0
0
0
0
0
0
0
0
0
0
0
0
0
0
0
0
0
0
0
0
0
0
0
0
0
0
0
0
0
0
0
0
0
0
0
0
0
0
0
0
0
0
0
0
0
0
0
0
0
0
0
0
0
0
0
0
0
0
0
0
0
0
0
0
0
0
0
0
0
0
0
0
0
0
0
0
0
0
0
0
0
0
0
0
0
0
0
0
0
0
0
0
0
0
0
0
0
0
0
0
0
0
0
0
0
0
0
0
0
0
0
0
0
0
0
0
0
0
0
0
0
0
0
139208
