292
887
0
1398
0
113
0
3901
0
123
0
199
0
211
0
12919
0
140
0
160
0
18
0
268
0
154
0
180
0
289
0
11685
0
0
0
0
0
4
0
115
0
0
0
8
0
17
0
241
0
0
0
55
0
9
0
132
0
0
0
142
0
233
0
5512
0
0
0
0
0
0
0
0
0
0
0
0
0
0
0
0
0
0
0
0
0
0
0
22
0
0
0
11
0
0
0
378
0
0
0
0
0
0
0
0
0
0
0
0
0
0
0
178
0
0
0
0
0
0
0
117
0
0
0
0
0
0
0
4288
0
0
0
0
0
0
0
0
0
0
0
0
0
0
0
0
0
0
0
0
0
0
0
0
0
0
0
0
0
0
0
0
0
0
0
0
0
0
0
0
0
0
0
0
0
0
0
0
0
0
0
0
0
0
0
0
0
0
0
0
0
0
0
0
0
0
0
0
0
0
0
0
0
0
0
0
0
0
0
0
0
0
0
0
0
0
0
0
0
0
0
0
0
0
0
0
0
0
0
0
0
0
0
0
0
0
0
0
0
0
0
0
0
0
0
0
0
0
0
0
0
0
0
0
0
0
0
114005
