204
537
0
966
0
77
0
3113
0
76
0
103
0
113
0
8660
0
78
0
83
0
19
0
108
0
75
0
103
0
146
0
4929
0
0
0
0
0
8
0
79
0
0
0
16
0
13
0
114
0
0
0
39
0
8
0
78
0
0
0
98
0
128
0
2233
0
0
0
0
0
0
0
0
0
0
0
0
0
0
0
0
0
0
0
0
0
2
0
28
0
0
0
12
0
0
0
193
0
0
0
0
0
0
0
0
0
0
0
0
0
0
0
90
0
0
0
0
0
0
0
65
0
0
0
0
0
0
0
1883
0
0
0
0
0
0
0
0
0
0
0
0
0
0
0
0
0
0
0
0
0
0
0
0
0
0
0
0
0
0
0
0
0
0
0
0
0
0
0
0
0
0
0
0
0
0
0
0
0
0
0
0
0
0
0
0
0
0
0
0
0
0
0
0
0
0
0
0
0
0
0
0
0
0
0
0
0
0
0
0
0
0
0
0
0
0
0
0
0
0
0
0
0
0
0
0
0
0
0
0
0
0
0
0
0
0
0
0
0
0
0
0
0
0
0
0
0
0
0
0
0
0
0
0
0
0
0
133927
