126
280
0
216
0
29
0
693
0
38
0
34
0
49
0
1857
0
50
0
23
0
4
0
30
0
33
0
58
0
39
0
1013
0
0
0
0
0
1
0
20
0
0
0
2
0
1
0
40
0
0
0
6
0
2
0
23
0
0
0
23
0
34
0
318
0
0
0
0
0
0
0
0
0
0
0
0
0
0
0
0
0
0
0
0
0
0
0
1
0
0
0
4
0
0
0
43
0
0
0
0
0
0
0
0
0
0
0
0
0
0
0
40
0
0
0
0
0
0
0
23
0
0
0
0
0
0
0
372
0
0
0
0
0
0
0
0
0
0
0
0
0
0
0
0
0
0
0
0
0
0
0
0
0
0
0
0
0
0
0
0
0
0
0
0
0
0
0
0
0
0
0
0
0
0
0
0
0
0
0
0
0
0
0
0
0
0
0
0
0
0
0
0
0
0
0
0
0
0
0
0
0
0
0
0
0
0
0
0
0
0
0
0
0
0
0
0
0
0
0
0
0
0
0
0
0
0
0
0
0
0
0
0
0
0
0
0
0
0
0
0
0
0
0
0
0
0
0
0
0
0
0
0
0
0
0
152879
