279
1061
0
1864
0
104
0
5320
0
133
0
169
0
266
0
18143
0
234
0
144
0
9
0
180
0
155
0
157
0
216
0
9900
0
0
0
0
0
9
0
99
0
0
0
8
0
10
0
271
0
0
0
58
0
2
0
102
0
0
0
110
0
193
0
3671
0
0
0
0
0
0
0
0
0
0
0
0
0
0
0
0
0
0
0
0
0
0
0
11
0
0
0
7
0
0
0
212
0
0
0
0
0
0
0
0
0
0
0
0
0
0
0
119
0
0
0
0
0
0
0
71
0
0
0
0
0
0
0
2395
0
0
0
0
0
0
0
0
0
0
0
0
0
0
0
0
0
0
0
0
0
0
0
0
0
0
0
0
0
0
0
0
0
0
0
0
0
0
0
0
0
0
0
0
0
0
0
0
0
0
0
0
0
0
0
0
0
0
0
0
0
0
0
0
0
0
0
0
0
0
0
0
0
0
0
0
0
0
0
0
0
0
0
0
0
0
0
0
0
0
0
0
0
0
0
0
0
0
0
0
0
0
0
0
0
0
0
0
0
0
0
0
0
0
0
0
0
0
0
0
0
0
0
0
0
0
0
112722
