319
796
0
1723
0
115
0
4400
0
79
0
190
0
164
0
10845
0
71
0
104
0
4
0
166
0
135
0
177
0
145
0
6761
0
0
0
0
0
4
0
128
0
0
0
6
0
5
0
159
0
0
0
62
0
8
0
120
0
0
0
129
0
173
0
3009
0
0
0
0
0
0
0
0
0
0
0
0
0
0
0
0
0
0
0
0
0
0
0
4
0
0
0
0
0
0
0
121
0
0
0
0
0
0
0
0
0
0
0
0
0
0
0
128
0
0
0
0
0
0
0
60
0
0
0
0
0
0
0
1480
0
0
0
0
0
0
0
0
0
0
0
0
0
0
0
0
0
0
0
0
0
0
0
0
0
0
0
0
0
0
0
0
0
0
0
0
0
0
0
0
0
0
0
0
0
0
0
0
0
0
0
0
0
0
0
0
0
0
0
0
0
0
0
0
0
0
0
0
0
0
0
0
0
0
0
0
0
0
0
0
0
0
0
0
0
0
0
0
0
0
0
0
0
0
0
0
0
0
0
0
0
0
0
0
0
0
0
0
0
0
0
0
0
0
0
0
0
0
0
0
0
0
0
0
0
0
0
126614
