202
421
0
482
0
55
0
1289
0
82
0
85
0
152
0
3680
0
50
0
54
0
5
0
39
0
43
0
90
0
58
0
1800
0
0
0
0
0
3
0
53
0
0
0
7
0
2
0
59
0
0
0
19
0
2
0
54
0
0
0
47
0
63
0
700
0
0
0
0
0
0
0
0
0
0
0
0
0
0
0
0
0
0
0
0
0
0
0
1
0
0
0
4
0
0
0
52
0
0
0
0
0
0
0
0
0
0
0
0
0
0
0
45
0
0
0
0
0
0
0
25
0
0
0
0
0
0
0
488
0
0
0
0
0
0
0
0
0
0
0
0
0
0
0
0
0
0
0
0
0
0
0
0
0
0
0
0
0
0
0
0
0
0
0
0
0
0
0
0
0
0
0
0
0
0
0
0
0
0
0
0
0
0
0
0
0
0
0
0
0
0
0
0
0
0
0
0
0
0
0
0
0
0
0
0
0
0
0
0
0
0
0
0
0
0
0
0
0
0
0
0
0
0
0
0
0
0
0
0
0
0
0
0
0
0
0
0
0
0
0
0
0
0
0
0
0
0
0
0
0
0
0
0
0
0
0
148193
