294
634
0
936
0
90
0
1660
0
91
0
175
0
124
0
3637
0
63
0
100
0
7
0
104
0
98
0
141
0
103
0
2296
0
0
0
0
0
6
0
104
0
0
0
4
0
5
0
114
0
0
0
46
0
11
0
101
0
0
0
80
0
113
0
1363
0
0
0
0
0
0
0
0
0
0
0
0
0
0
0
0
0
0
0
0
0
0
0
9
0
0
0
6
0
0
0
136
0
0
0
0
0
0
0
0
0
0
0
0
0
0
0
71
0
0
0
0
0
0
0
47
0
0
0
0
0
0
0
966
0
0
0
0
0
0
0
0
0
0
0
0
0
0
0
0
0
0
0
0
0
0
0
0
0
0
0
0
0
0
0
0
0
0
0
0
0
0
0
0
0
0
0
0
0
0
0
0
0
0
0
0
0
0
0
0
0
0
0
0
0
0
0
0
0
0
0
0
0
0
0
0
0
0
0
0
0
0
0
0
0
0
0
0
0
0
0
0
0
0
0
0
0
0
0
0
0
0
0
0
0
0
0
0
0
0
0
0
0
0
0
0
0
0
0
0
0
0
0
0
0
0
0
0
0
0
0
144669
