174
552
0
869
0
66
0
2103
0
86
0
153
0
100
0
6799
0
65
0
63
0
8
0
96
0
76
0
56
0
96
0
3615
0
0
0
0
0
4
0
44
0
0
0
1
0
9
0
84
0
0
0
19
0
3
0
57
0
0
0
47
0
127
0
1349
0
0
0
0
0
0
0
0
0
0
0
0
0
0
0
0
0
0
0
0
0
0
0
7
0
0
0
8
0
0
0
123
0
0
0
0
0
0
0
0
0
0
0
0
0
0
0
67
0
0
0
0
0
0
0
36
0
0
0
0
0
0
0
1119
0
0
0
0
0
0
0
0
0
0
0
0
0
0
0
0
0
0
0
0
0
0
0
0
0
0
0
0
0
0
0
0
0
0
0
0
0
0
0
0
0
0
0
0
0
0
0
0
0
0
0
0
0
0
0
0
0
0
0
0
0
0
0
0
0
0
0
0
0
0
0
0
0
0
0
0
0
0
0
0
0
0
0
0
0
0
0
0
0
0
0
0
0
0
0
0
0
0
0
0
0
0
0
0
0
0
0
0
0
0
0
0
0
0
0
0
0
0
0
0
0
0
0
0
0
0
0
140323
