165
310
0
312
0
38
0
849
0
54
0
62
0
97
0
2732
0
56
0
35
0
3
0
34
0
36
0
58
0
39
0
1242
0
0
0
0
0
3
0
28
0
0
0
2
0
7
0
58
0
0
0
9
0
1
0
30
0
0
0
31
0
29
0
498
0
0
0
0
0
0
0
0
0
0
0
0
0
0
0
0
0
0
0
0
0
0
0
3
0
0
0
6
0
0
0
58
0
0
0
0
0
0
0
0
0
0
0
0
0
0
0
51
0
0
0
0
0
0
0
16
0
0
0
0
0
0
0
507
0
0
0
0
0
0
0
0
0
0
0
0
0
0
0
0
0
0
0
0
0
0
0
0
0
0
0
0
0
0
0
0
0
0
0
0
0
0
0
0
0
0
0
0
0
0
0
0
0
0
0
0
0
0
0
0
0
0
0
0
0
0
0
0
0
0
0
0
0
0
0
0
0
0
0
0
0
0
0
0
0
0
0
0
0
0
0
0
0
0
0
0
0
0
0
0
0
0
0
0
0
0
0
0
0
0
0
0
0
0
0
0
0
0
0
0
0
0
0
0
0
0
0
0
0
0
0
150945
