287
992
0
1941
0
98
0
5212
0
141
0
174
0
251
0
18353
0
140
0
143
0
13
0
216
0
179
0
164
0
242
0
11662
0
0
0
0
0
2
0
133
0
0
0
4
0
4
0
184
0
0
0
42
0
6
0
115
0
0
0
110
0
173
0
4360
0
0
0
0
0
0
0
0
0
0
0
0
0
0
0
0
0
0
0
0
0
1
0
14
0
0
0
5
0
0
0
156
0
0
0
0
0
0
0
0
0
0
0
0
0
0
0
132
0
0
0
0
0
0
0
58
0
0
0
0
0
0
0
2416
0
0
0
0
0
0
0
0
0
0
0
0
0
0
0
0
0
0
0
0
0
0
0
0
0
0
0
0
0
0
0
0
0
0
0
0
0
0
0
0
0
0
0
0
0
0
0
0
0
0
0
0
0
0
0
0
0
0
0
0
0
0
0
0
0
0
0
0
0
0
0
0
0
0
0
0
0
0
0
0
0
0
0
0
0
0
0
0
0
0
0
0
0
0
0
0
0
0
0
0
0
0
0
0
0
0
0
0
0
0
0
0
0
0
0
0
0
0
0
0
0
0
0
0
0
0
0
110281
