107
307
0
619
0
61
0
2488
0
53
0
79
0
94
0
9528
0
37
0
57
0
34
0
86
0
66
0
64
0
89
0
6002
0
0
0
0
0
35
0
60
0
0
0
21
0
30
0
112
0
0
0
25
0
20
0
58
0
0
0
68
0
91
0
1971
0
0
0
0
0
0
0
0
0
0
0
0
0
0
0
0
0
0
0
0
0
5
0
23
0
0
0
24
0
0
0
183
0
0
0
0
0
0
0
0
0
0
0
0
0
0
0
72
0
0
0
0
0
0
0
35
0
0
0
0
0
0
0
1631
0
0
0
0
0
0
0
0
0
0
0
0
0
0
0
0
0
0
0
0
0
0
0
0
0
0
0
0
0
0
0
0
0
0
0
0
0
0
0
0
0
0
0
0
0
0
0
0
0
0
0
0
0
0
0
0
0
0
0
0
0
0
0
0
0
0
0
0
0
0
0
0
0
0
0
0
0
0
0
0
0
0
0
0
0
0
0
0
0
0
0
0
0
0
0
0
0
0
0
0
0
0
0
0
0
0
0
0
0
0
0
0
0
0
0
0
0
0
0
0
0
0
0
0
0
0
0
134169
