787
1565
0
2248
0
194
0
3487
0
199
0
207
0
226
0
4954
0
121
0
243
0
12
0
212
0
222
0
259
0
195
0
3432
0
0
0
0
0
17
0
218
0
0
0
6
0
11
0
200
0
0
0
111
0
11
0
200
0
0
0
224
0
210
0
2398
0
0
0
0
0
0
0
0
0
0
0
0
0
0
0
0
0
0
0
0
0
0
0
6
0
0
0
10
0
0
0
191
0
0
0
0
0
0
0
0
0
0
0
0
0
0
0
175
0
0
0
0
0
0
0
105
0
0
0
0
0
0
0
1791
0
0
0
0
0
0
0
0
0
0
0
0
0
0
0
0
0
0
0
0
0
0
0
0
0
0
0
0
0
0
0
0
0
0
0
0
0
0
0
0
0
0
0
0
0
0
0
0
0
0
0
0
0
0
0
0
0
0
0
0
0
0
0
0
0
0
0
0
0
0
0
0
0
0
0
0
0
0
0
0
0
0
0
0
0
0
0
0
0
0
0
0
0
0
0
0
0
0
0
0
0
0
0
0
0
0
0
0
0
0
0
0
0
0
0
0
0
0
0
0
0
0
0
0
0
0
0
133957
