249
772
0
1056
0
82
0
2719
0
146
0
302
0
144
0
10762
0
101
0
112
0
7
0
129
0
92
0
116
0
113
0
5860
0
0
0
0
0
6
0
71
0
0
0
8
0
11
0
136
0
0
0
34
0
2
0
61
0
0
0
57
0
193
0
2104
0
0
0
0
0
0
0
0
0
0
0
0
0
0
0
0
0
0
0
0
0
0
0
11
0
0
0
8
0
0
0
167
0
0
0
0
0
0
0
0
0
0
0
0
0
0
0
123
0
0
0
0
0
0
0
48
0
0
0
0
0
0
0
1708
0
0
0
0
0
0
0
0
0
0
0
0
0
0
0
0
0
0
0
0
0
0
0
0
0
0
0
0
0
0
0
0
0
0
0
0
0
0
0
0
0
0
0
0
0
0
0
0
0
0
0
0
0
0
0
0
0
0
0
0
0
0
0
0
0
0
0
0
0
0
0
0
0
0
0
0
0
0
0
0
0
0
0
0
0
0
0
0
0
0
0
0
0
0
0
0
0
0
0
0
0
0
0
0
0
0
0
0
0
0
0
0
0
0
0
0
0
0
0
0
0
0
0
0
0
0
0
130894
