179
413
0
613
0
82
0
1508
0
68
0
102
0
110
0
4615
0
51
0
74
0
19
0
138
0
52
0
59
0
159
0
3770
0
0
0
0
0
5
0
60
0
0
0
18
0
7
0
159
0
0
0
24
0
8
0
58
0
0
0
66
0
149
0
2299
0
0
0
0
0
0
0
0
0
0
0
0
0
0
0
0
0
0
0
0
0
2
0
36
0
0
0
11
0
0
0
390
0
0
0
0
0
0
0
0
0
0
0
0
0
0
0
94
0
0
0
0
0
0
0
58
0
0
0
0
0
0
0
3081
0
0
0
0
0
0
0
0
0
0
0
0
0
0
0
0
0
0
0
0
0
0
0
0
0
0
0
0
0
0
0
0
0
0
0
0
0
0
0
0
0
0
0
0
0
0
0
0
0
0
0
0
0
0
0
0
0
0
0
0
0
0
0
0
0
0
0
0
0
0
0
0
0
0
0
0
0
0
0
0
0
0
0
0
0
0
0
0
0
0
0
0
0
0
0
0
0
0
0
0
0
0
0
0
0
0
0
0
0
0
0
0
0
0
0
0
0
0
0
0
0
0
0
0
0
0
0
139867
