266
588
0
778
0
81
0
1553
0
61
0
136
0
111
0
4078
0
48
0
85
0
7
0
76
0
83
0
116
0
67
0
1832
0
0
0
0
0
4
0
69
0
0
0
1
0
5
0
74
0
0
0
33
0
4
0
62
0
0
0
61
0
91
0
959
0
0
0
0
0
0
0
0
0
0
0
0
0
0
0
0
0
0
0
0
0
0
0
4
0
0
0
4
0
0
0
73
0
0
0
0
0
0
0
0
0
0
0
0
0
0
0
78
0
0
0
0
0
0
0
32
0
0
0
0
0
0
0
650
0
0
0
0
0
0
0
0
0
0
0
0
0
0
0
0
0
0
0
0
0
0
0
0
0
0
0
0
0
0
0
0
0
0
0
0
0
0
0
0
0
0
0
0
0
0
0
0
0
0
0
0
0
0
0
0
0
0
0
0
0
0
0
0
0
0
0
0
0
0
0
0
0
0
0
0
0
0
0
0
0
0
0
0
0
0
0
0
0
0
0
0
0
0
0
0
0
0
0
0
0
0
0
0
0
0
0
0
0
0
0
0
0
0
0
0
0
0
0
0
0
0
0
0
0
0
0
146234
