327
913
0
1497
0
122
0
3619
0
122
0
183
0
164
0
9121
0
118
0
163
0
21
0
196
0
173
0
149
0
194
0
6799
0
0
0
0
0
4
0
146
0
0
0
8
0
7
0
197
0
0
0
57
0
10
0
145
0
0
0
118
0
176
0
3331
0
0
0
0
0
0
0
0
0
0
0
0
0
0
0
0
0
0
0
0
0
2
0
18
0
0
0
3
0
0
0
202
0
0
0
0
0
0
0
0
0
0
0
0
0
0
0
141
0
0
0
0
0
0
0
88
0
0
0
0
0
0
0
2262
0
0
0
0
0
0
0
0
0
0
0
0
0
0
0
0
0
0
0
0
0
0
0
0
0
0
0
0
0
0
0
0
0
0
0
0
0
0
0
0
0
0
0
0
0
0
0
0
0
0
0
0
0
0
0
0
0
0
0
0
0
0
0
0
0
0
0
0
0
0
0
0
0
0
0
0
0
0
0
0
0
0
0
0
0
0
0
0
0
0
0
0
0
0
0
0
0
0
0
0
0
0
0
0
0
0
0
0
0
0
0
0
0
0
0
0
0
0
0
0
0
0
0
0
0
0
0
127608
327
913
0
1497
0
122
0
3619
0
122
0
183
0
164
0
9121
0
118
0
163
0
21
0
196
0
173
0
149
0
194
0
6799
0
0
0
0
0
4
0
146
0
0
0
8
0
7
0
197
0
0
0
57
0
10
0
145
0
0
0
118
0
176
0
3331
0
0
0
0
0
0
0
0
0
0
0
0
0
0
0
0
0
0
0
0
0
2
0
18
0
0
0
3
0
0
0
202
0
0
0
0
0
0
0
0
0
0
0
0
0
0
0
141
0
0
0
0
0
0
0
88
0
0
0
0
0
0
0
2262
0
0
0
0
0
0
0
0
0
0
0
0
0
0
0
0
0
0
0
0
0
0
0
0
0
0
0
0
0
0
0
0
0
0
0
0
0
0
0
0
0
0
0
0
0
0
0
0
0
0
0
0
0
0
0
0
0
0
0
0
0
0
0
0
0
0
0
0
0
0
0
0
0
0
0
0
0
0
0
0
0
0
0
0
0
0
0
0
0
0
0
0
0
0
0
0
0
0
0
0
0
0
0
0
0
0
0
0
0
0
0
0
0
0
0
0
0
0
0
0
0
0
0
0
0
0
0
127608
