90
288
0
392
0
55
0
1268
0
50
0
67
0
65
0
3722
0
44
0
60
0
6
0
65
0
39
0
65
0
66
0
2282
0
0
0
0
0
1
0
22
0
0
0
11
0
1
0
69
0
0
0
17
0
1
0
40
0
0
0
47
0
55
0
961
0
0
0
0
0
0
0
0
0
0
0
0
0
0
0
0
0
0
0
0
0
0
0
11
0
0
0
9
0
0
0
128
0
0
0
0
0
0
0
0
0
0
0
0
0
0
0
49
0
0
0
0
0
0
0
31
0
0
0
0
0
0
0
985
0
0
0
0
0
0
0
0
0
0
0
0
0
0
0
0
0
0
0
0
0
0
0
0
0
0
0
0
0
0
0
0
0
0
0
0
0
0
0
0
0
0
0
0
0
0
0
0
0
0
0
0
0
0
0
0
0
0
0
0
0
0
0
0
0
0
0
0
0
0
0
0
0
0
0
0
0
0
0
0
0
0
0
0
0
0
0
0
0
0
0
0
0
0
0
0
0
0
0
0
0
0
0
0
0
0
0
0
0
0
0
0
0
0
0
0
0
0
0
0
0
0
0
0
0
0
0
147342
