234
703
0
1227
0
100
0
3452
0
109
0
115
0
162
0
11513
0
75
0
87
0
6
0
134
0
96
0
114
0
133
0
5510
0
0
0
0
0
0
0
83
0
0
0
7
0
5
0
119
0
0
0
32
0
4
0
104
0
0
0
75
0
153
0
2190
0
0
0
0
0
0
0
0
0
0
0
0
0
0
0
0
0
0
0
0
0
0
0
10
0
0
0
7
0
0
0
157
0
0
0
0
0
0
0
0
0
0
0
0
0
0
0
112
0
0
0
0
0
0
0
51
0
0
0
0
0
0
0
1485
0
0
0
0
0
0
0
0
0
0
0
0
0
0
0
0
0
0
0
0
0
0
0
0
0
0
0
0
0
0
0
0
0
0
0
0
0
0
0
0
0
0
0
0
0
0
0
0
0
0
0
0
0
0
0
0
0
0
0
0
0
0
0
0
0
0
0
0
0
0
0
0
0
0
0
0
0
0
0
0
0
0
0
0
0
0
0
0
0
0
0
0
0
0
0
0
0
0
0
0
0
0
0
0
0
0
0
0
0
0
0
0
0
0
0
0
0
0
0
0
0
0
0
0
0
0
0
130040
