227
531
0
1061
0
68
0
2105
0
92
0
155
0
102
0
6852
0
38
0
73
0
7
0
82
0
71
0
58
0
109
0
3298
0
0
0
0
0
6
0
70
0
0
0
7
0
8
0
104
0
0
0
32
0
2
0
63
0
0
0
65
0
117
0
1549
0
0
0
0
0
0
0
0
0
0
0
0
0
0
0
0
0
0
0
0
0
0
0
2
0
0
0
11
0
0
0
98
0
0
0
0
0
0
0
0
0
0
0
0
0
0
0
73
0
0
0
0
0
0
0
24
0
0
0
0
0
0
0
1046
0
0
0
0
0
0
0
0
0
0
0
0
0
0
0
0
0
0
0
0
0
0
0
0
0
0
0
0
0
0
0
0
0
0
0
0
0
0
0
0
0
0
0
0
0
0
0
0
0
0
0
0
0
0
0
0
0
0
0
0
0
0
0
0
0
0
0
0
0
0
0
0
0
0
0
0
0
0
0
0
0
0
0
0
0
0
0
0
0
0
0
0
0
0
0
0
0
0
0
0
0
0
0
0
0
0
0
0
0
0
0
0
0
0
0
0
0
0
0
0
0
0
0
0
0
0
0
140198
