135
386
0
454
0
51
0
1256
0
46
0
59
0
78
0
3499
0
50
0
47
0
7
0
54
0
35
0
37
0
43
0
1662
0
0
0
0
0
4
0
31
0
0
0
8
0
5
0
51
0
0
0
15
0
2
0
31
0
0
0
31
0
62
0
700
0
0
0
0
0
0
0
0
0
0
0
0
0
0
0
0
0
0
0
0
0
0
0
10
0
0
0
3
0
0
0
86
0
0
0
0
0
0
0
0
0
0
0
0
0
0
0
36
0
0
0
0
0
0
0
20
0
0
0
0
0
0
0
658
0
0
0
0
0
0
0
0
0
0
0
0
0
0
0
0
0
0
0
0
0
0
0
0
0
0
0
0
0
0
0
0
0
0
0
0
0
0
0
0
0
0
0
0
0
0
0
0
0
0
0
0
0
0
0
0
0
0
0
0
0
0
0
0
0
0
0
0
0
0
0
0
0
0
0
0
0
0
0
0
0
0
0
0
0
0
0
0
0
0
0
0
0
0
0
0
0
0
0
0
0
0
0
0
0
0
0
0
0
0
0
0
0
0
0
0
0
0
0
0
0
0
0
0
0
0
0
148752
