193
766
0
928
0
89
0
2985
0
115
0
148
0
137
0
11577
0
149
0
153
0
14
0
199
0
133
0
113
0
177
0
6314
0
0
0
0
0
3
0
103
0
0
0
11
0
3
0
171
0
0
0
52
0
7
0
118
0
0
0
111
0
144
0
2660
0
0
0
0
0
0
0
0
0
0
0
0
0
0
0
0
0
0
0
0
0
0
0
24
0
0
0
5
0
0
0
274
0
0
0
0
0
0
0
0
0
0
0
0
0
0
0
133
0
0
0
0
0
0
0
99
0
0
0
0
0
0
0
2806
0
0
0
0
0
0
0
0
0
0
0
0
0
0
0
0
0
0
0
0
0
0
0
0
0
0
0
0
0
0
0
0
0
0
0
0
0
0
0
0
0
0
0
0
0
0
0
0
0
0
0
0
0
0
0
0
0
0
0
0
0
0
0
0
0
0
0
0
0
0
0
0
0
0
0
0
0
0
0
0
0
0
0
0
0
0
0
0
0
0
0
0
0
0
0
0
0
0
0
0
0
0
0
0
0
0
0
0
0
0
0
0
0
0
0
0
0
0
0
0
0
0
0
0
0
0
0
127490
