158
438
0
644
0
63
0
1288
0
77
0
74
0
156
0
4691
0
18
0
43
0
10
0
73
0
61
0
72
0
79
0
2178
0
0
0
0
0
8
0
43
0
0
0
7
0
14
0
158
0
0
0
25
0
6
0
53
0
0
0
63
0
103
0
1036
0
0
0
0
0
0
0
0
0
0
0
0
0
0
0
0
0
0
0
0
0
0
0
15
0
0
0
12
0
0
0
138
0
0
0
0
0
0
0
0
0
0
0
0
0
0
0
87
0
0
0
0
0
0
0
27
0
0
0
0
0
0
0
1090
0
0
0
0
0
0
0
0
0
0
0
0
0
0
0
0
0
0
0
0
0
0
0
0
0
0
0
0
0
0
0
0
0
0
0
0
0
0
0
0
0
0
0
0
0
0
0
0
0
0
0
0
0
0
0
0
0
0
0
0
0
0
0
0
0
0
0
0
0
0
0
0
0
0
0
0
0
0
0
0
0
0
0
0
0
0
0
0
0
0
0
0
0
0
0
0
0
0
0
0
0
0
0
0
0
0
0
0
0
0
0
0
0
0
0
0
0
0
0
0
0
0
0
0
0
0
0
145396
