121
333
0
299
0
46
0
910
0
79
0
82
0
87
0
3611
0
70
0
52
0
23
0
77
0
60
0
53
0
88
0
2352
0
0
0
0
0
8
0
39
0
0
0
16
0
18
0
137
0
0
0
18
0
15
0
69
0
0
0
39
0
105
0
1310
0
0
0
0
0
0
0
0
0
0
0
0
0
0
0
0
0
0
0
0
0
2
0
34
0
0
0
22
0
0
0
272
0
0
0
0
0
0
0
0
0
0
0
0
0
0
0
98
0
0
0
0
0
0
0
55
0
0
0
0
0
0
0
2001
0
0
0
0
0
0
0
0
0
0
0
0
0
0
0
0
0
0
0
0
0
0
0
0
0
0
0
0
0
0
0
0
0
0
0
0
0
0
0
0
0
0
0
0
0
0
0
0
0
0
0
0
0
0
0
0
0
0
0
0
0
0
0
0
0
0
0
0
0
0
0
0
0
0
0
0
0
0
0
0
0
0
0
0
0
0
0
0
0
0
0
0
0
0
0
0
0
0
0
0
0
0
0
0
0
0
0
0
0
0
0
0
0
0
0
0
0
0
0
0
0
0
0
0
0
0
0
145803
