492
909
0
1232
0
138
0
1864
0
146
0
159
0
162
0
2851
0
52
0
127
0
11
0
104
0
145
0
149
0
130
0
1787
0
0
0
0
0
14
0
130
0
0
0
6
0
15
0
145
0
0
0
61
0
9
0
122
0
0
0
128
0
135
0
1110
0
0
0
0
0
0
0
0
0
0
0
0
0
0
0
0
0
0
0
0
0
0
0
11
0
0
0
14
0
0
0
125
0
0
0
0
0
0
0
0
0
0
0
0
0
0
0
126
0
0
0
0
0
0
0
55
0
0
0
0
0
0
0
985
0
0
0
0
0
0
0
0
0
0
0
0
0
0
0
0
0
0
0
0
0
0
0
0
0
0
0
0
0
0
0
0
0
0
0
0
0
0
0
0
0
0
0
0
0
0
0
0
0
0
0
0
0
0
0
0
0
0
0
0
0
0
0
0
0
0
0
0
0
0
0
0
0
0
0
0
0
0
0
0
0
0
0
0
0
0
0
0
0
0
0
0
0
0
0
0
0
0
0
0
0
0
0
0
0
0
0
0
0
0
0
0
0
0
0
0
0
0
0
0
0
0
0
0
0
0
0
144755
