1103
2527
0
3956
0
357
0
6292
0
315
0
501
0
503
0
11577
0
184
0
352
0
16
0
323
0
355
0
384
0
286
0
6829
0
0
0
0
0
9
0
353
0
0
0
14
0
14
0
460
0
0
0
177
0
13
0
292
0
0
0
279
0
416
0
4442
0
0
0
0
0
0
0
0
0
0
0
0
0
0
0
0
0
0
0
0
0
0
0
7
0
0
0
12
0
0
0
359
0
0
0
0
0
0
0
0
0
0
0
0
0
0
0
297
0
0
0
0
0
0
0
125
0
0
0
0
0
0
0
3046
0
0
0
0
0
0
0
0
0
0
0
0
0
0
0
0
0
0
0
0
0
0
0
0
0
0
0
0
0
0
0
0
0
0
0
0
0
0
0
0
0
0
0
0
0
0
0
0
0
0
0
0
0
0
0
0
0
0
0
0
0
0
0
0
0
0
0
0
0
0
0
0
0
0
0
0
0
0
0
0
0
0
0
0
0
0
0
0
0
0
0
0
0
0
0
0
0
0
0
0
0
0
0
0
0
0
0
0
0
0
0
0
0
0
0
0
0
0
0
0
0
0
0
0
0
0
0
112229
