158
452
0
907
0
66
0
2612
0
52
0
114
0
90
0
8363
0
43
0
49
0
11
0
115
0
68
0
61
0
118
0
4521
0
0
0
0
0
4
0
60
0
0
0
6
0
6
0
99
0
0
0
27
0
3
0
69
0
0
0
73
0
108
0
1714
0
0
0
0
0
0
0
0
0
0
0
0
0
0
0
0
0
0
0
0
0
1
0
9
0
0
0
5
0
0
0
128
0
0
0
0
0
0
0
0
0
0
0
0
0
0
0
73
0
0
0
0
0
0
0
34
0
0
0
0
0
0
0
1342
0
0
0
0
0
0
0
0
0
0
0
0
0
0
0
0
0
0
0
0
0
0
0
0
0
0
0
0
0
0
0
0
0
0
0
0
0
0
0
0
0
0
0
0
0
0
0
0
0
0
0
0
0
0
0
0
0
0
0
0
0
0
0
0
0
0
0
0
0
0
0
0
0
0
0
0
0
0
0
0
0
0
0
0
0
0
0
0
0
0
0
0
0
0
0
0
0
0
0
0
0
0
0
0
0
0
0
0
0
0
0
0
0
0
0
0
0
0
0
0
0
0
0
0
0
0
0
136843
