223
709
0
1227
0
105
0
2476
0
114
0
164
0
166
0
6747
0
101
0
139
0
6
0
159
0
132
0
151
0
157
0
5136
0
0
0
0
0
0
0
103
0
0
0
5
0
4
0
128
0
0
0
66
0
3
0
103
0
0
0
107
0
170
0
2695
0
0
0
0
0
0
0
0
0
0
0
0
0
0
0
0
0
0
0
0
0
0
0
4
0
0
0
2
0
0
0
126
0
0
0
0
0
0
0
0
0
0
0
0
0
0
0
110
0
0
0
0
0
0
0
50
0
0
0
0
0
0
0
1493
0
0
0
0
0
0
0
0
0
0
0
0
0
0
0
0
0
0
0
0
0
0
0
0
0
0
0
0
0
0
0
0
0
0
0
0
0
0
0
0
0
0
0
0
0
0
0
0
0
0
0
0
0
0
0
0
0
0
0
0
0
0
0
0
0
0
0
0
0
0
0
0
0
0
0
0
0
0
0
0
0
0
0
0
0
0
0
0
0
0
0
0
0
0
0
0
0
0
0
0
0
0
0
0
0
0
0
0
0
0
0
0
0
0
0
0
0
0
0
0
0
0
0
0
0
0
0
135323
