316
717
0
1552
0
104
0
3759
0
89
0
131
0
153
0
8842
0
60
0
115
0
6
0
162
0
122
0
117
0
165
0
5695
0
0
0
0
0
8
0
120
0
0
0
16
0
6
0
158
0
0
0
57
0
5
0
99
0
0
0
123
0
142
0
2606
0
0
0
0
0
0
0
0
0
0
0
0
0
0
0
0
0
0
0
0
0
0
0
6
0
0
0
6
0
0
0
153
0
0
0
0
0
0
0
0
0
0
0
0
0
0
0
116
0
0
0
0
0
0
0
70
0
0
0
0
0
0
0
1668
0
0
0
0
0
0
0
0
0
0
0
0
0
0
0
0
0
0
0
0
0
0
0
0
0
0
0
0
0
0
0
0
0
0
0
0
0
0
0
0
0
0
0
0
0
0
0
0
0
0
0
0
0
0
0
0
0
0
0
0
0
0
0
0
0
0
0
0
0
0
0
0
0
0
0
0
0
0
0
0
0
0
0
0
0
0
0
0
0
0
0
0
0
0
0
0
0
0
0
0
0
0
0
0
0
0
0
0
0
0
0
0
0
0
0
0
0
0
0
0
0
0
0
0
0
0
0
130940
