247
883
0
1205
0
80
0
3183
0
146
0
240
0
202
0
15737
0
218
0
146
0
9
0
251
0
135
0
113
0
222
0
12609
0
0
0
0
0
2
0
78
0
0
0
7
0
7
0
205
0
0
0
46
0
6
0
88
0
0
0
93
0
223
0
5036
0
0
0
0
0
0
0
0
0
0
0
0
0
0
0
0
0
0
0
0
0
0
0
10
0
0
0
6
0
0
0
333
0
0
0
0
0
0
0
0
0
0
0
0
0
0
0
159
0
0
0
0
0
0
0
82
0
0
0
0
0
0
0
3915
0
0
0
0
0
0
0
0
0
0
0
0
0
0
0
0
0
0
0
0
0
0
0
0
0
0
0
0
0
0
0
0
0
0
0
0
0
0
0
0
0
0
0
0
0
0
0
0
0
0
0
0
0
0
0
0
0
0
0
0
0
0
0
0
0
0
0
0
0
0
0
0
0
0
0
0
0
0
0
0
0
0
0
0
0
0
0
0
0
0
0
0
0
0
0
0
0
0
0
0
0
0
0
0
0
0
0
0
0
0
0
0
0
0
0
0
0
0
0
0
0
0
0
0
0
0
0
112482
