319
674
0
896
0
104
0
1634
0
90
0
135
0
154
0
3096
0
53
0
113
0
11
0
107
0
75
0
111
0
95
0
1827
0
0
0
0
0
6
0
86
0
0
0
5
0
11
0
132
0
0
0
36
0
8
0
88
0
0
0
82
0
113
0
1083
0
0
0
0
0
0
0
0
0
0
0
0
0
0
0
0
0
0
0
0
0
2
0
9
0
0
0
7
0
0
0
104
0
0
0
0
0
0
0
0
0
0
0
0
0
0
0
91
0
0
0
0
0
0
0
49
0
0
0
0
0
0
0
986
0
0
0
0
0
0
0
0
0
0
0
0
0
0
0
0
0
0
0
0
0
0
0
0
0
0
0
0
0
0
0
0
0
0
0
0
0
0
0
0
0
0
0
0
0
0
0
0
0
0
0
0
0
0
0
0
0
0
0
0
0
0
0
0
0
0
0
0
0
0
0
0
0
0
0
0
0
0
0
0
0
0
0
0
0
0
0
0
0
0
0
0
0
0
0
0
0
0
0
0
0
0
0
0
0
0
0
0
0
0
0
0
0
0
0
0
0
0
0
0
0
0
0
0
0
0
0
146012
