1045
2712
0
4554
0
423
0
8343
0
338
0
610
0
568
0
18933
0
256
0
473
0
30
0
491
0
484
0
591
0
478
0
12011
0
0
0
0
0
10
0
454
0
0
0
9
0
18
0
450
0
0
0
227
0
10
0
435
0
0
0
395
0
499
0
7169
0
0
0
0
0
0
0
0
0
0
0
0
0
0
0
0
0
0
0
0
0
1
0
14
0
0
0
8
0
0
0
378
0
0
0
0
0
0
0
0
0
0
0
0
0
0
0
260
0
0
0
0
0
0
0
167
0
0
0
0
0
0
0
4033
0
0
0
0
0
0
0
0
0
0
0
0
0
0
0
0
0
0
0
0
0
0
0
0
0
0
0
0
0
0
0
0
0
0
0
0
0
0
0
0
0
0
0
0
0
0
0
0
0
0
0
0
0
0
0
0
0
0
0
0
0
0
0
0
0
0
0
0
0
0
0
0
0
0
0
0
0
0
0
0
0
0
0
0
0
0
0
0
0
0
0
0
0
0
0
0
0
0
0
0
0
0
0
0
0
0
0
0
0
0
0
0
0
0
0
0
0
0
0
0
0
0
0
0
0
0
0
91527
