199
815
0
1242
0
94
0
3282
0
100
0
216
0
119
0
13467
0
104
0
123
0
12
0
190
0
125
0
126
0
140
0
8086
0
0
0
0
0
7
0
75
0
0
0
14
0
10
0
117
0
0
0
39
0
4
0
86
0
0
0
88
0
223
0
3166
0
0
0
0
0
0
0
0
0
0
0
0
0
0
0
0
0
0
0
0
0
0
0
9
0
0
0
10
0
0
0
160
0
0
0
0
0
0
0
0
0
0
0
0
0
0
0
126
0
0
0
0
0
0
0
65
0
0
0
0
0
0
0
2310
0
0
0
0
0
0
0
0
0
0
0
0
0
0
0
0
0
0
0
0
0
0
0
0
0
0
0
0
0
0
0
0
0
0
0
0
0
0
0
0
0
0
0
0
0
0
0
0
0
0
0
0
0
0
0
0
0
0
0
0
0
0
0
0
0
0
0
0
0
0
0
0
0
0
0
0
0
0
0
0
0
0
0
0
0
0
0
0
0
0
0
0
0
0
0
0
0
0
0
0
0
0
0
0
0
0
0
0
0
0
0
0
0
0
0
0
0
0
0
0
0
0
0
0
0
0
0
123455
