230
443
0
482
0
68
0
903
0
89
0
113
0
88
0
1739
0
35
0
48
0
6
0
37
0
43
0
32
0
45
0
842
0
0
0
0
0
5
0
31
0
0
0
5
0
13
0
44
0
0
0
11
0
4
0
23
0
0
0
37
0
45
0
445
0
0
0
0
0
0
0
0
0
0
0
0
0
0
0
0
0
0
0
0
0
0
0
4
0
0
0
2
0
0
0
48
0
0
0
0
0
0
0
0
0
0
0
0
0
0
0
34
0
0
0
0
0
0
0
12
0
0
0
0
0
0
0
322
0
0
0
0
0
0
0
0
0
0
0
0
0
0
0
0
0
0
0
0
0
0
0
0
0
0
0
0
0
0
0
0
0
0
0
0
0
0
0
0
0
0
0
0
0
0
0
0
0
0
0
0
0
0
0
0
0
0
0
0
0
0
0
0
0
0
0
0
0
0
0
0
0
0
0
0
0
0
0
0
0
0
0
0
0
0
0
0
0
0
0
0
0
0
0
0
0
0
0
0
0
0
0
0
0
0
0
0
0
0
0
0
0
0
0
0
0
0
0
0
0
0
0
0
0
0
0
152076
