387
925
0
1032
0
126
0
2053
0
156
0
207
0
183
0
5344
0
198
0
175
0
31
0
203
0
159
0
161
0
169
0
4413
0
0
0
0
0
14
0
103
0
0
0
23
0
22
0
181
0
0
0
51
0
12
0
132
0
0
0
120
0
222
0
2444
0
0
0
0
0
0
0
0
0
0
0
0
0
0
0
0
0
0
0
0
0
0
0
23
0
0
0
17
0
0
0
281
0
0
0
0
0
0
0
0
0
0
0
0
0
0
0
168
0
0
0
0
0
0
0
115
0
0
0
0
0
0
0
2862
0
0
0
0
0
0
0
0
0
0
0
0
0
0
0
0
0
0
0
0
0
0
0
0
0
0
0
0
0
0
0
0
0
0
0
0
0
0
0
0
0
0
0
0
0
0
0
0
0
0
0
0
0
0
0
0
0
0
0
0
0
0
0
0
0
0
0
0
0
0
0
0
0
0
0
0
0
0
0
0
0
0
0
0
0
0
0
0
0
0
0
0
0
0
0
0
0
0
0
0
0
0
0
0
0
0
0
0
0
0
0
0
0
0
0
0
0
0
0
0
0
0
0
0
0
0
0
135692
