470
1182
0
1425
0
128
0
2375
0
158
0
185
0
189
0
6643
0
86
0
112
0
15
0
134
0
129
0
121
0
148
0
3564
0
0
0
0
0
9
0
129
0
0
0
5
0
8
0
207
0
0
0
57
0
3
0
104
0
0
0
111
0
192
0
1564
0
0
0
0
0
0
0
0
0
0
0
0
0
0
0
0
0
0
0
0
0
1
0
6
0
0
0
13
0
0
0
140
0
0
0
0
0
0
0
0
0
0
0
0
0
0
0
156
0
0
0
0
0
0
0
72
0
0
0
0
0
0
0
1403
0
0
0
0
0
0
0
0
0
0
0
0
0
0
0
0
0
0
0
0
0
0
0
0
0
0
0
0
0
0
0
0
0
0
0
0
0
0
0
0
0
0
0
0
0
0
0
0
0
0
0
0
0
0
0
0
0
0
0
0
0
0
0
0
0
0
0
0
0
0
0
0
0
0
0
0
0
0
0
0
0
0
0
0
0
0
0
0
0
0
0
0
0
0
0
0
0
0
0
0
0
0
0
0
0
0
0
0
0
0
0
0
0
0
0
0
0
0
0
0
0
0
0
0
0
0
0
137160
