171
781
0
1069
0
79
0
2621
0
142
0
219
0
224
0
12189
0
145
0
109
0
23
0
270
0
148
0
142
0
220
0
9363
0
0
0
0
0
9
0
100
0
0
0
14
0
9
0
211
0
0
0
57
0
10
0
112
0
0
0
117
0
230
0
4311
0
0
0
0
0
0
0
0
0
0
0
0
0
0
0
0
0
0
0
0
0
2
0
22
0
0
0
13
0
0
0
415
0
0
0
0
0
0
0
0
0
0
0
0
0
0
0
134
0
0
0
0
0
0
0
70
0
0
0
0
0
0
0
4375
0
0
0
0
0
0
0
0
0
0
0
0
0
0
0
0
0
0
0
0
0
0
0
0
0
0
0
0
0
0
0
0
0
0
0
0
0
0
0
0
0
0
0
0
0
0
0
0
0
0
0
0
0
0
0
0
0
0
0
0
0
0
0
0
0
0
0
0
0
0
0
0
0
0
0
0
0
0
0
0
0
0
0
0
0
0
0
0
0
0
0
0
0
0
0
0
0
0
0
0
0
0
0
0
0
0
0
0
0
0
0
0
0
0
0
0
0
0
0
0
0
0
0
0
0
0
0
120278
