226
669
0
796
0
82
0
2008
0
125
0
84
0
163
0
7458
0
134
0
77
0
13
0
105
0
102
0
62
0
132
0
3973
0
0
0
0
0
6
0
59
0
0
0
5
0
8
0
177
0
0
0
22
0
4
0
54
0
0
0
68
0
95
0
1475
0
0
0
0
0
0
0
0
0
0
0
0
0
0
0
0
0
0
0
0
0
0
0
3
0
0
0
8
0
0
0
112
0
0
0
0
0
0
0
0
0
0
0
0
0
0
0
140
0
0
0
0
0
0
0
46
0
0
0
0
0
0
0
1299
0
0
0
0
0
0
0
0
0
0
0
0
0
0
0
0
0
0
0
0
0
0
0
0
0
0
0
0
0
0
0
0
0
0
0
0
0
0
0
0
0
0
0
0
0
0
0
0
0
0
0
0
0
0
0
0
0
0
0
0
0
0
0
0
0
0
0
0
0
0
0
0
0
0
0
0
0
0
0
0
0
0
0
0
0
0
0
0
0
0
0
0
0
0
0
0
0
0
0
0
0
0
0
0
0
0
0
0
0
0
0
0
0
0
0
0
0
0
0
0
0
0
0
0
0
0
0
138614
