134
403
0
591
0
64
0
1617
0
52
0
98
0
88
0
6717
0
80
0
62
0
12
0
118
0
72
0
89
0
101
0
3412
0
0
0
0
0
5
0
54
0
0
0
8
0
5
0
91
0
0
0
32
0
4
0
67
0
0
0
72
0
108
0
1632
0
0
0
0
0
0
0
0
0
0
0
0
0
0
0
0
0
0
0
0
0
0
0
17
0
0
0
4
0
0
0
188
0
0
0
0
0
0
0
0
0
0
0
0
0
0
0
66
0
0
0
0
0
0
0
40
0
0
0
0
0
0
0
1872
0
0
0
0
0
0
0
0
0
0
0
0
0
0
0
0
0
0
0
0
0
0
0
0
0
0
0
0
0
0
0
0
0
0
0
0
0
0
0
0
0
0
0
0
0
0
0
0
0
0
0
0
0
0
0
0
0
0
0
0
0
0
0
0
0
0
0
0
0
0
0
0
0
0
0
0
0
0
0
0
0
0
0
0
0
0
0
0
0
0
0
0
0
0
0
0
0
0
0
0
0
0
0
0
0
0
0
0
0
0
0
0
0
0
0
0
0
0
0
0
0
0
0
0
0
0
0
140429
