193
411
0
653
0
70
0
2139
0
76
0
69
0
86
0
6545
0
81
0
80
0
29
0
86
0
77
0
54
0
93
0
3814
0
0
0
0
0
8
0
63
0
0
0
14
0
12
0
87
0
0
0
19
0
11
0
63
0
0
0
51
0
82
0
1447
0
0
0
0
0
0
0
0
0
0
0
0
0
0
0
0
0
0
0
0
0
2
0
34
0
0
0
11
0
0
0
154
0
0
0
0
0
0
0
0
0
0
0
0
0
0
0
84
0
0
0
0
0
0
0
59
0
0
0
0
0
0
0
1327
0
0
0
0
0
0
0
0
0
0
0
0
0
0
0
0
0
0
0
0
0
0
0
0
0
0
0
0
0
0
0
0
0
0
0
0
0
0
0
0
0
0
0
0
0
0
0
0
0
0
0
0
0
0
0
0
0
0
0
0
0
0
0
0
0
0
0
0
0
0
0
0
0
0
0
0
0
0
0
0
0
0
0
0
0
0
0
0
0
0
0
0
0
0
0
0
0
0
0
0
0
0
0
0
0
0
0
0
0
0
0
0
0
0
0
0
0
0
0
0
0
0
0
0
0
0
0
140320
