225
460
0
503
0
64
0
964
0
74
0
79
0
101
0
1988
0
42
0
70
0
2
0
52
0
51
0
75
0
52
0
1052
0
0
0
0
0
6
0
46
0
0
0
3
0
5
0
43
0
0
0
28
0
5
0
38
0
0
0
31
0
60
0
497
0
0
0
0
0
0
0
0
0
0
0
0
0
0
0
0
0
0
0
0
0
0
0
4
0
0
0
5
0
0
0
47
0
0
0
0
0
0
0
0
0
0
0
0
0
0
0
49
0
0
0
0
0
0
0
19
0
0
0
0
0
0
0
389
0
0
0
0
0
0
0
0
0
0
0
0
0
0
0
0
0
0
0
0
0
0
0
0
0
0
0
0
0
0
0
0
0
0
0
0
0
0
0
0
0
0
0
0
0
0
0
0
0
0
0
0
0
0
0
0
0
0
0
0
0
0
0
0
0
0
0
0
0
0
0
0
0
0
0
0
0
0
0
0
0
0
0
0
0
0
0
0
0
0
0
0
0
0
0
0
0
0
0
0
0
0
0
0
0
0
0
0
0
0
0
0
0
0
0
0
0
0
0
0
0
0
0
0
0
0
0
151275
