201
562
0
929
0
59
0
2137
0
72
0
127
0
107
0
6027
0
49
0
55
0
5
0
64
0
53
0
82
0
64
0
2729
0
0
0
0
0
11
0
52
0
0
0
5
0
13
0
78
0
0
0
24
0
3
0
43
0
0
0
44
0
107
0
1027
0
0
0
0
0
0
0
0
0
0
0
0
0
0
0
0
0
0
0
0
0
0
0
6
0
0
0
10
0
0
0
89
0
0
0
0
0
0
0
0
0
0
0
0
0
0
0
80
0
0
0
0
0
0
0
32
0
0
0
0
0
0
0
782
0
0
0
0
0
0
0
0
0
0
0
0
0
0
0
0
0
0
0
0
0
0
0
0
0
0
0
0
0
0
0
0
0
0
0
0
0
0
0
0
0
0
0
0
0
0
0
0
0
0
0
0
0
0
0
0
0
0
0
0
0
0
0
0
0
0
0
0
0
0
0
0
0
0
0
0
0
0
0
0
0
0
0
0
0
0
0
0
0
0
0
0
0
0
0
0
0
0
0
0
0
0
0
0
0
0
0
0
0
0
0
0
0
0
0
0
0
0
0
0
0
0
0
0
0
0
0
142676
