283
744
0
890
0
161
0
2325
0
243
0
144
0
326
0
11189
0
173
0
123
0
67
0
211
0
148
0
131
0
193
0
6547
0
0
0
0
0
73
0
109
0
0
0
46
0
38
0
235
0
0
0
31
0
47
0
74
0
0
0
94
0
197
0
2305
0
0
0
0
0
0
0
0
0
0
0
0
0
0
0
0
0
0
0
0
0
12
0
59
0
0
0
51
0
0
0
304
0
0
0
0
0
0
0
0
0
0
0
0
0
0
0
190
0
0
0
0
0
0
0
60
0
0
0
0
0
0
0
2396
0
0
0
0
0
0
0
0
0
0
0
0
0
0
0
0
0
0
0
0
0
0
0
0
0
0
0
0
0
0
0
0
0
0
0
0
0
0
0
0
0
0
0
0
0
0
0
0
0
0
0
0
0
0
0
0
0
0
0
0
0
0
0
0
0
0
0
0
0
0
0
0
0
0
0
0
0
0
0
0
0
0
0
0
0
0
0
0
0
0
0
0
0
0
0
0
0
0
0
0
0
0
0
0
0
0
0
0
0
0
0
0
0
0
0
0
0
0
0
0
0
0
0
0
0
0
0
128185
