242
785
0
962
0
65
0
2197
0
115
0
140
0
169
0
7280
0
112
0
74
0
7
0
80
0
69
0
66
0
99
0
3486
0
0
0
0
0
10
0
68
0
0
0
1
0
11
0
125
0
0
0
20
0
3
0
47
0
0
0
45
0
109
0
1483
0
0
0
0
0
0
0
0
0
0
0
0
0
0
0
0
0
0
0
0
0
0
0
5
0
0
0
6
0
0
0
105
0
0
0
0
0
0
0
0
0
0
0
0
0
0
0
95
0
0
0
0
0
0
0
32
0
0
0
0
0
0
0
1086
0
0
0
0
0
0
0
0
0
0
0
0
0
0
0
0
0
0
0
0
0
0
0
0
0
0
0
0
0
0
0
0
0
0
0
0
0
0
0
0
0
0
0
0
0
0
0
0
0
0
0
0
0
0
0
0
0
0
0
0
0
0
0
0
0
0
0
0
0
0
0
0
0
0
0
0
0
0
0
0
0
0
0
0
0
0
0
0
0
0
0
0
0
0
0
0
0
0
0
0
0
0
0
0
0
0
0
0
0
0
0
0
0
0
0
0
0
0
0
0
0
0
0
0
0
0
0
139205
