566
1294
0
1963
0
162
0
4410
0
179
0
266
0
240
0
10811
0
169
0
215
0
14
0
288
0
211
0
263
0
277
0
7718
0
0
0
0
0
14
0
224
0
0
0
22
0
11
0
263
0
0
0
92
0
15
0
206
0
0
0
204
0
274
0
3967
0
0
0
0
0
0
0
0
0
0
0
0
0
0
0
0
0
0
0
0
0
1
0
24
0
0
0
15
0
0
0
287
0
0
0
0
0
0
0
0
0
0
0
0
0
0
0
229
0
0
0
0
0
0
0
116
0
0
0
0
0
0
0
2921
0
0
0
0
0
0
0
0
0
0
0
0
0
0
0
0
0
0
0
0
0
0
0
0
0
0
0
0
0
0
0
0
0
0
0
0
0
0
0
0
0
0
0
0
0
0
0
0
0
0
0
0
0
0
0
0
0
0
0
0
0
0
0
0
0
0
0
0
0
0
0
0
0
0
0
0
0
0
0
0
0
0
0
0
0
0
0
0
0
0
0
0
0
0
0
0
0
0
0
0
0
0
0
0
0
0
0
0
0
0
0
0
0
0
0
0
0
0
0
0
0
0
0
0
0
0
0
120473
