510
939
0
1123
0
143
0
1665
0
160
0
172
0
175
0
2822
0
93
0
145
0
13
0
141
0
125
0
146
0
128
0
1817
0
0
0
0
0
17
0
145
0
0
0
11
0
27
0
195
0
0
0
51
0
11
0
131
0
0
0
135
0
213
0
1137
0
0
0
0
0
0
0
0
0
0
0
0
0
0
0
0
0
0
0
0
0
3
0
13
0
0
0
17
0
0
0
153
0
0
0
0
0
0
0
0
0
0
0
0
0
0
0
164
0
0
0
0
0
0
0
85
0
0
0
0
0
0
0
1117
0
0
0
0
0
0
0
0
0
0
0
0
0
0
0
0
0
0
0
0
0
0
0
0
0
0
0
0
0
0
0
0
0
0
0
0
0
0
0
0
0
0
0
0
0
0
0
0
0
0
0
0
0
0
0
0
0
0
0
0
0
0
0
0
0
0
0
0
0
0
0
0
0
0
0
0
0
0
0
0
0
0
0
0
0
0
0
0
0
0
0
0
0
0
0
0
0
0
0
0
0
0
0
0
0
0
0
0
0
0
0
0
0
0
0
0
0
0
0
0
0
0
0
0
0
0
0
144462
