222
487
0
1101
0
62
0
3332
0
46
0
73
0
106
0
6703
0
43
0
68
0
4
0
76
0
71
0
95
0
58
0
3091
0
0
0
0
0
4
0
94
0
0
0
1
0
1
0
123
0
0
0
28
0
4
0
100
0
0
0
70
0
105
0
1161
0
0
0
0
0
0
0
0
0
0
0
0
0
0
0
0
0
0
0
0
0
1
0
3
0
0
0
3
0
0
0
83
0
0
0
0
0
0
0
0
0
0
0
0
0
0
0
84
0
0
0
0
0
0
0
57
0
0
0
0
0
0
0
729
0
0
0
0
0
0
0
0
0
0
0
0
0
0
0
0
0
0
0
0
0
0
0
0
0
0
0
0
0
0
0
0
0
0
0
0
0
0
0
0
0
0
0
0
0
0
0
0
0
0
0
0
0
0
0
0
0
0
0
0
0
0
0
0
0
0
0
0
0
0
0
0
0
0
0
0
0
0
0
0
0
0
0
0
0
0
0
0
0
0
0
0
0
0
0
0
0
0
0
0
0
0
0
0
0
0
0
0
0
0
0
0
0
0
0
0
0
0
0
0
0
0
0
0
0
0
0
140115
