660
1429
0
2214
0
181
0
3715
0
179
0
249
0
267
0
6607
0
105
0
172
0
11
0
183
0
183
0
221
0
185
0
3853
0
0
0
0
0
10
0
210
0
0
0
13
0
19
0
265
0
0
0
102
0
7
0
204
0
0
0
192
0
250
0
2374
0
0
0
0
0
0
0
0
0
0
0
0
0
0
0
0
0
0
0
0
0
0
0
10
0
0
0
17
0
0
0
198
0
0
0
0
0
0
0
0
0
0
0
0
0
0
0
205
0
0
0
0
0
0
0
85
0
0
0
0
0
0
0
1928
0
0
0
0
0
0
0
0
0
0
0
0
0
0
0
0
0
0
0
0
0
0
0
0
0
0
0
0
0
0
0
0
0
0
0
0
0
0
0
0
0
0
0
0
0
0
0
0
0
0
0
0
0
0
0
0
0
0
0
0
0
0
0
0
0
0
0
0
0
0
0
0
0
0
0
0
0
0
0
0
0
0
0
0
0
0
0
0
0
0
0
0
0
0
0
0
0
0
0
0
0
0
0
0
0
0
0
0
0
0
0
0
0
0
0
0
0
0
0
0
0
0
0
0
0
0
0
131901
