1029
2412
0
3075
0
347
0
4544
0
373
0
478
0
429
0
8126
0
177
0
334
0
23
0
336
0
305
0
370
0
316
0
5019
0
0
0
0
0
24
0
351
0
0
0
26
0
35
0
467
0
0
0
178
0
16
0
308
0
0
0
298
0
410
0
3383
0
0
0
0
0
0
0
0
0
0
0
0
0
0
0
0
0
0
0
0
0
2
0
17
0
0
0
25
0
0
0
404
0
0
0
0
0
0
0
0
0
0
0
0
0
0
0
333
0
0
0
0
0
0
0
130
0
0
0
0
0
0
0
2921
0
0
0
0
0
0
0
0
0
0
0
0
0
0
0
0
0
0
0
0
0
0
0
0
0
0
0
0
0
0
0
0
0
0
0
0
0
0
0
0
0
0
0
0
0
0
0
0
0
0
0
0
0
0
0
0
0
0
0
0
0
0
0
0
0
0
0
0
0
0
0
0
0
0
0
0
0
0
0
0
0
0
0
0
0
0
0
0
0
0
0
0
0
0
0
0
0
0
0
0
0
0
0
0
0
0
0
0
0
0
0
0
0
0
0
0
0
0
0
0
0
0
0
0
0
0
0
121383
