78
321
0
302
0
30
0
1778
0
25
0
41
0
42
0
5879
0
218
0
78
0
15
0
88
0
55
0
43
0
61
0
5677
0
0
0
0
0
1
0
14
0
0
0
1
0
2
0
36
0
0
0
5
0
3
0
23
0
0
0
14
0
39
0
798
0
0
0
0
0
0
0
0
0
0
0
0
0
0
0
0
0
0
0
0
0
0
0
8
0
0
0
2
0
0
0
93
0
0
0
0
0
0
0
0
0
0
0
0
0
0
0
39
0
0
0
0
0
0
0
52
0
0
0
0
0
0
0
983
0
0
0
0
0
0
0
0
0
0
0
0
0
0
0
0
0
0
0
0
0
0
0
0
0
0
0
0
0
0
0
0
0
0
0
0
0
0
0
0
0
0
0
0
0
0
0
0
0
0
0
0
0
0
0
0
0
0
0
0
0
0
0
0
0
0
0
0
0
0
0
0
0
0
0
0
0
0
0
0
0
0
0
0
0
0
0
0
0
0
0
0
0
0
0
0
0
0
0
0
0
0
0
0
0
0
0
0
0
0
0
0
0
0
0
0
0
0
0
0
0
0
0
0
0
0
0
141560
