159
415
0
621
0
50
0
1693
0
61
0
98
0
67
0
4920
0
56
0
37
0
8
0
64
0
42
0
60
0
63
0
2276
0
0
0
0
0
3
0
42
0
0
0
3
0
6
0
76
0
0
0
23
0
2
0
45
0
0
0
45
0
84
0
955
0
0
0
0
0
0
0
0
0
0
0
0
0
0
0
0
0
0
0
0
0
0
0
7
0
0
0
4
0
0
0
62
0
0
0
0
0
0
0
0
0
0
0
0
0
0
0
49
0
0
0
0
0
0
0
20
0
0
0
0
0
0
0
697
0
0
0
0
0
0
0
0
0
0
0
0
0
0
0
0
0
0
0
0
0
0
0
0
0
0
0
0
0
0
0
0
0
0
0
0
0
0
0
0
0
0
0
0
0
0
0
0
0
0
0
0
0
0
0
0
0
0
0
0
0
0
0
0
0
0
0
0
0
0
0
0
0
0
0
0
0
0
0
0
0
0
0
0
0
0
0
0
0
0
0
0
0
0
0
0
0
0
0
0
0
0
0
0
0
0
0
0
0
0
0
0
0
0
0
0
0
0
0
0
0
0
0
0
0
0
0
145591
