393
1413
0
1708
0
159
0
3745
0
244
0
339
0
344
0
13660
0
288
0
215
0
26
0
309
0
254
0
280
0
315
0
9957
0
0
0
0
0
8
0
179
0
0
0
11
0
8
0
344
0
0
0
98
0
8
0
175
0
0
0
201
0
348
0
4428
0
0
0
0
0
0
0
0
0
0
0
0
0
0
0
0
0
0
0
0
0
0
0
16
0
0
0
16
0
0
0
356
0
0
0
0
0
0
0
0
0
0
0
0
0
0
0
254
0
0
0
0
0
0
0
144
0
0
0
0
0
0
0
3953
0
0
0
0
0
0
0
0
0
0
0
0
0
0
0
0
0
0
0
0
0
0
0
0
0
0
0
0
0
0
0
0
0
0
0
0
0
0
0
0
0
0
0
0
0
0
0
0
0
0
0
0
0
0
0
0
0
0
0
0
0
0
0
0
0
0
0
0
0
0
0
0
0
0
0
0
0
0
0
0
0
0
0
0
0
0
0
0
0
0
0
0
0
0
0
0
0
0
0
0
0
0
0
0
0
0
0
0
0
0
0
0
0
0
0
0
0
0
0
0
0
0
0
0
0
0
0
114208
