151
411
0
468
0
34
0
1078
0
76
0
69
0
99
0
3424
0
34
0
53
0
2
0
42
0
48
0
43
0
42
0
1669
0
0
0
0
0
1
0
27
0
0
0
6
0
9
0
71
0
0
0
18
0
1
0
26
0
0
0
23
0
45
0
577
0
0
0
0
0
0
0
0
0
0
0
0
0
0
0
0
0
0
0
0
0
0
0
1
0
0
0
4
0
0
0
58
0
0
0
0
0
0
0
0
0
0
0
0
0
0
0
53
0
0
0
0
0
0
0
15
0
0
0
0
0
0
0
417
0
0
0
0
0
0
0
0
0
0
0
0
0
0
0
0
0
0
0
0
0
0
0
0
0
0
0
0
0
0
0
0
0
0
0
0
0
0
0
0
0
0
0
0
0
0
0
0
0
0
0
0
0
0
0
0
0
0
0
0
0
0
0
0
0
0
0
0
0
0
0
0
0
0
0
0
0
0
0
0
0
0
0
0
0
0
0
0
0
0
0
0
0
0
0
0
0
0
0
0
0
0
0
0
0
0
0
0
0
0
0
0
0
0
0
0
0
0
0
0
0
0
0
0
0
0
0
149309
