110
284
0
571
0
43
0
1991
0
36
0
70
0
66
0
5345
0
39
0
48
0
9
0
94
0
57
0
47
0
73
0
3389
0
0
0
0
0
5
0
44
0
0
0
10
0
5
0
67
0
0
0
29
0
4
0
38
0
0
0
61
0
77
0
1390
0
0
0
0
0
0
0
0
0
0
0
0
0
0
0
0
0
0
0
0
0
1
0
9
0
0
0
5
0
0
0
107
0
0
0
0
0
0
0
0
0
0
0
0
0
0
0
56
0
0
0
0
0
0
0
32
0
0
0
0
0
0
0
1001
0
0
0
0
0
0
0
0
0
0
0
0
0
0
0
0
0
0
0
0
0
0
0
0
0
0
0
0
0
0
0
0
0
0
0
0
0
0
0
0
0
0
0
0
0
0
0
0
0
0
0
0
0
0
0
0
0
0
0
0
0
0
0
0
0
0
0
0
0
0
0
0
0
0
0
0
0
0
0
0
0
0
0
0
0
0
0
0
0
0
0
0
0
0
0
0
0
0
0
0
0
0
0
0
0
0
0
0
0
0
0
0
0
0
0
0
0
0
0
0
0
0
0
0
0
0
0
143191
