110
332
0
415
0
43
0
1174
0
67
0
109
0
49
0
4992
0
39
0
47
0
6
0
54
0
24
0
52
0
44
0
1995
0
0
0
0
0
7
0
37
0
0
0
6
0
7
0
74
0
0
0
13
0
3
0
36
0
0
0
32
0
71
0
847
0
0
0
0
0
0
0
0
0
0
0
0
0
0
0
0
0
0
0
0
0
0
0
7
0
0
0
7
0
0
0
84
0
0
0
0
0
0
0
0
0
0
0
0
0
0
0
45
0
0
0
0
0
0
0
30
0
0
0
0
0
0
0
752
0
0
0
0
0
0
0
0
0
0
0
0
0
0
0
0
0
0
0
0
0
0
0
0
0
0
0
0
0
0
0
0
0
0
0
0
0
0
0
0
0
0
0
0
0
0
0
0
0
0
0
0
0
0
0
0
0
0
0
0
0
0
0
0
0
0
0
0
0
0
0
0
0
0
0
0
0
0
0
0
0
0
0
0
0
0
0
0
0
0
0
0
0
0
0
0
0
0
0
0
0
0
0
0
0
0
0
0
0
0
0
0
0
0
0
0
0
0
0
0
0
0
0
0
0
0
0
146794
