60
296
0
690
0
34
0
2423
0
34
0
52
0
52
0
7376
0
36
0
44
0
6
0
80
0
44
0
43
0
104
0
4725
0
0
0
0
0
2
0
46
0
0
0
0
0
3
0
90
0
0
0
14
0
1
0
41
0
0
0
44
0
90
0
1853
0
0
0
0
0
0
0
0
0
0
0
0
0
0
0
0
0
0
0
0
0
0
0
13
0
0
0
2
0
0
0
141
0
0
0
0
0
0
0
0
0
0
0
0
0
0
0
47
0
0
0
0
0
0
0
27
0
0
0
0
0
0
0
1630
0
0
0
0
0
0
0
0
0
0
0
0
0
0
0
0
0
0
0
0
0
0
0
0
0
0
0
0
0
0
0
0
0
0
0
0
0
0
0
0
0
0
0
0
0
0
0
0
0
0
0
0
0
0
0
0
0
0
0
0
0
0
0
0
0
0
0
0
0
0
0
0
0
0
0
0
0
0
0
0
0
0
0
0
0
0
0
0
0
0
0
0
0
0
0
0
0
0
0
0
0
0
0
0
0
0
0
0
0
0
0
0
0
0
0
0
0
0
0
0
0
0
0
0
0
0
0
138261
