208
657
0
586
0
54
0
1715
0
100
0
105
0
89
0
6077
0
210
0
112
0
13
0
110
0
119
0
57
0
112
0
4144
0
0
0
0
0
3
0
67
0
0
0
3
0
5
0
86
0
0
0
18
0
1
0
54
0
0
0
55
0
71
0
1322
0
0
0
0
0
0
0
0
0
0
0
0
0
0
0
0
0
0
0
0
0
0
0
5
0
0
0
5
0
0
0
79
0
0
0
0
0
0
0
0
0
0
0
0
0
0
0
74
0
0
0
0
0
0
0
42
0
0
0
0
0
0
0
1097
0
0
0
0
0
0
0
0
0
0
0
0
0
0
0
0
0
0
0
0
0
0
0
0
0
0
0
0
0
0
0
0
0
0
0
0
0
0
0
0
0
0
0
0
0
0
0
0
0
0
0
0
0
0
0
0
0
0
0
0
0
0
0
0
0
0
0
0
0
0
0
0
0
0
0
0
0
0
0
0
0
0
0
0
0
0
0
0
0
0
0
0
0
0
0
0
0
0
0
0
0
0
0
0
0
0
0
0
0
0
0
0
0
0
0
0
0
0
0
0
0
0
0
0
0
0
0
140949
