138
434
0
946
0
41
0
3213
0
56
0
109
0
113
0
10522
0
63
0
59
0
5
0
108
0
71
0
58
0
129
0
6673
0
0
0
0
0
4
0
58
0
0
0
4
0
2
0
124
0
0
0
19
0
3
0
71
0
0
0
59
0
112
0
2656
0
0
0
0
0
0
0
0
0
0
0
0
0
0
0
0
0
0
0
0
0
0
0
9
0
0
0
1
0
0
0
169
0
0
0
0
0
0
0
0
0
0
0
0
0
0
0
69
0
0
0
0
0
0
0
54
0
0
0
0
0
0
0
2140
0
0
0
0
0
0
0
0
0
0
0
0
0
0
0
0
0
0
0
0
0
0
0
0
0
0
0
0
0
0
0
0
0
0
0
0
0
0
0
0
0
0
0
0
0
0
0
0
0
0
0
0
0
0
0
0
0
0
0
0
0
0
0
0
0
0
0
0
0
0
0
0
0
0
0
0
0
0
0
0
0
0
0
0
0
0
0
0
0
0
0
0
0
0
0
0
0
0
0
0
0
0
0
0
0
0
0
0
0
0
0
0
0
0
0
0
0
0
0
0
0
0
0
0
0
0
0
130112
