170
503
0
786
0
47
0
2515
0
67
0
99
0
114
0
9378
0
110
0
83
0
16
0
135
0
97
0
74
0
150
0
6498
0
0
0
0
0
3
0
61
0
0
0
3
0
3
0
113
0
0
0
30
0
6
0
75
0
0
0
80
0
109
0
2312
0
0
0
0
0
0
0
0
0
0
0
0
0
0
0
0
0
0
0
0
0
1
0
7
0
0
0
4
0
0
0
178
0
0
0
0
0
0
0
0
0
0
0
0
0
0
0
77
0
0
0
0
0
0
0
47
0
0
0
0
0
0
0
1862
0
0
0
0
0
0
0
0
0
0
0
0
0
0
0
0
0
0
0
0
0
0
0
0
0
0
0
0
0
0
0
0
0
0
0
0
0
0
0
0
0
0
0
0
0
0
0
0
0
0
0
0
0
0
0
0
0
0
0
0
0
0
0
0
0
0
0
0
0
0
0
0
0
0
0
0
0
0
0
0
0
0
0
0
0
0
0
0
0
0
0
0
0
0
0
0
0
0
0
0
0
0
0
0
0
0
0
0
0
0
0
0
0
0
0
0
0
0
0
0
0
0
0
0
0
0
0
132591
