109
312
0
399
0
27
0
1040
0
29
0
26
0
50
0
3365
0
27
0
24
0
3
0
39
0
40
0
23
0
55
0
1511
0
0
0
0
0
6
0
37
0
0
0
6
0
6
0
61
0
0
0
10
0
5
0
25
0
0
0
24
0
57
0
495
0
0
0
0
0
0
0
0
0
0
0
0
0
0
0
0
0
0
0
0
0
0
0
4
0
0
0
2
0
0
0
52
0
0
0
0
0
0
0
0
0
0
0
0
0
0
0
42
0
0
0
0
0
0
0
10
0
0
0
0
0
0
0
407
0
0
0
0
0
0
0
0
0
0
0
0
0
0
0
0
0
0
0
0
0
0
0
0
0
0
0
0
0
0
0
0
0
0
0
0
0
0
0
0
0
0
0
0
0
0
0
0
0
0
0
0
0
0
0
0
0
0
0
0
0
0
0
0
0
0
0
0
0
0
0
0
0
0
0
0
0
0
0
0
0
0
0
0
0
0
0
0
0
0
0
0
0
0
0
0
0
0
0
0
0
0
0
0
0
0
0
0
0
0
0
0
0
0
0
0
0
0
0
0
0
0
0
0
0
0
0
150076
