130
359
0
855
0
59
0
3637
0
49
0
95
0
84
0
10892
0
56
0
56
0
9
0
117
0
57
0
68
0
104
0
7780
0
0
0
0
0
4
0
63
0
0
0
3
0
10
0
118
0
0
0
23
0
3
0
63
0
0
0
60
0
132
0
2827
0
0
0
0
0
0
0
0
0
0
0
0
0
0
0
0
0
0
0
0
0
1
0
17
0
0
0
8
0
0
0
257
0
0
0
0
0
0
0
0
0
0
0
0
0
0
0
85
0
0
0
0
0
0
0
52
0
0
0
0
0
0
0
2363
0
0
0
0
0
0
0
0
0
0
0
0
0
0
0
0
0
0
0
0
0
0
0
0
0
0
0
0
0
0
0
0
0
0
0
0
0
0
0
0
0
0
0
0
0
0
0
0
0
0
0
0
0
0
0
0
0
0
0
0
0
0
0
0
0
0
0
0
0
0
0
0
0
0
0
0
0
0
0
0
0
0
0
0
0
0
0
0
0
0
0
0
0
0
0
0
0
0
0
0
0
0
0
0
0
0
0
0
0
0
0
0
0
0
0
0
0
0
0
0
0
0
0
0
0
0
0
127908
