243
611
0
828
0
104
0
1910
0
211
0
157
0
334
0
10798
0
93
0
113
0
18
0
187
0
140
0
138
0
232
0
7022
0
0
0
0
0
18
0
119
0
0
0
18
0
39
0
332
0
0
0
58
0
20
0
97
0
0
0
149
0
206
0
4630
0
0
0
0
0
0
0
0
0
0
0
0
0
0
0
0
0
0
0
0
0
6
0
36
0
0
0
30
0
0
0
513
0
0
0
0
0
0
0
0
0
0
0
0
0
0
0
225
0
0
0
0
0
0
0
116
0
0
0
0
0
0
0
4817
0
0
0
0
0
0
0
0
0
0
0
0
0
0
0
0
0
0
0
0
0
0
0
0
0
0
0
0
0
0
0
0
0
0
0
0
0
0
0
0
0
0
0
0
0
0
0
0
0
0
0
0
0
0
0
0
0
0
0
0
0
0
0
0
0
0
0
0
0
0
0
0
0
0
0
0
0
0
0
0
0
0
0
0
0
0
0
0
0
0
0
0
0
0
0
0
0
0
0
0
0
0
0
0
0
0
0
0
0
0
0
0
0
0
0
0
0
0
0
0
0
0
0
0
0
0
0
123836
