709
1626
0
1130
0
179
0
1761
0
253
0
202
0
293
0
3668
0
219
0
149
0
16
0
135
0
179
0
151
0
164
0
1712
0
0
0
0
0
23
0
133
0
0
0
17
0
25
0
234
0
0
0
66
0
17
0
138
0
0
0
139
0
174
0
1177
0
0
0
0
0
0
0
0
0
0
0
0
0
0
0
0
0
0
0
0
0
0
0
10
0
0
0
13
0
0
0
180
0
0
0
0
0
0
0
0
0
0
0
0
0
0
0
205
0
0
0
0
0
0
0
145
0
0
0
0
0
0
0
1681
0
0
0
0
0
0
0
0
0
0
0
0
0
0
0
0
0
0
0
0
0
0
0
0
0
0
0
0
0
0
0
0
0
0
0
0
0
0
0
0
0
0
0
0
0
0
0
0
0
0
0
0
0
0
0
0
0
0
0
0
0
0
0
0
0
0
0
0
0
0
0
0
0
0
0
0
0
0
0
0
0
0
0
0
0
0
0
0
0
0
0
0
0
0
0
0
0
0
0
0
0
0
0
0
0
0
0
0
0
0
0
0
0
0
0
0
0
0
0
0
0
0
0
0
0
0
0
141481
