262
726
0
1349
0
86
0
3822
0
105
0
137
0
174
0
12396
0
70
0
114
0
8
0
155
0
117
0
116
0
162
0
6646
0
0
0
0
0
3
0
77
0
0
0
5
0
4
0
139
0
0
0
43
0
5
0
99
0
0
0
83
0
167
0
2530
0
0
0
0
0
0
0
0
0
0
0
0
0
0
0
0
0
0
0
0
0
1
0
14
0
0
0
7
0
0
0
165
0
0
0
0
0
0
0
0
0
0
0
0
0
0
0
121
0
0
0
0
0
0
0
70
0
0
0
0
0
0
0
1883
0
0
0
0
0
0
0
0
0
0
0
0
0
0
0
0
0
0
0
0
0
0
0
0
0
0
0
0
0
0
0
0
0
0
0
0
0
0
0
0
0
0
0
0
0
0
0
0
0
0
0
0
0
0
0
0
0
0
0
0
0
0
0
0
0
0
0
0
0
0
0
0
0
0
0
0
0
0
0
0
0
0
0
0
0
0
0
0
0
0
0
0
0
0
0
0
0
0
0
0
0
0
0
0
0
0
0
0
0
0
0
0
0
0
0
0
0
0
0
0
0
0
0
0
0
0
0
126543
