661
1335
0
2087
0
194
0
3388
0
166
0
259
0
251
0
6301
0
130
0
200
0
13
0
208
0
196
0
253
0
232
0
4526
0
0
0
0
0
12
0
210
0
0
0
8
0
15
0
271
0
0
0
103
0
8
0
219
0
0
0
234
0
266
0
2822
0
0
0
0
0
0
0
0
0
0
0
0
0
0
0
0
0
0
0
0
0
0
0
10
0
0
0
11
0
0
0
244
0
0
0
0
0
0
0
0
0
0
0
0
0
0
0
172
0
0
0
0
0
0
0
103
0
0
0
0
0
0
0
2146
0
0
0
0
0
0
0
0
0
0
0
0
0
0
0
0
0
0
0
0
0
0
0
0
0
0
0
0
0
0
0
0
0
0
0
0
0
0
0
0
0
0
0
0
0
0
0
0
0
0
0
0
0
0
0
0
0
0
0
0
0
0
0
0
0
0
0
0
0
0
0
0
0
0
0
0
0
0
0
0
0
0
0
0
0
0
0
0
0
0
0
0
0
0
0
0
0
0
0
0
0
0
0
0
0
0
0
0
0
0
0
0
0
0
0
0
0
0
0
0
0
0
0
0
0
0
0
131150
