159
417
0
763
0
80
0
2294
0
103
0
93
0
222
0
9281
0
40
0
83
0
13
0
152
0
56
0
102
0
145
0
7773
0
0
0
0
0
6
0
60
0
0
0
6
0
4
0
193
0
0
0
23
0
9
0
73
0
0
0
85
0
147
0
4190
0
0
0
0
0
0
0
0
0
0
0
0
0
0
0
0
0
0
0
0
0
1
0
23
0
0
0
6
0
0
0
404
0
0
0
0
0
0
0
0
0
0
0
0
0
0
0
94
0
0
0
0
0
0
0
82
0
0
0
0
0
0
0
4010
0
0
0
0
0
0
0
0
0
0
0
0
0
0
0
0
0
0
0
0
0
0
0
0
0
0
0
0
0
0
0
0
0
0
0
0
0
0
0
0
0
0
0
0
0
0
0
0
0
0
0
0
0
0
0
0
0
0
0
0
0
0
0
0
0
0
0
0
0
0
0
0
0
0
0
0
0
0
0
0
0
0
0
0
0
0
0
0
0
0
0
0
0
0
0
0
0
0
0
0
0
0
0
0
0
0
0
0
0
0
0
0
0
0
0
0
0
0
0
0
0
0
0
0
0
0
0
127212
