379
919
0
1750
0
140
0
4737
0
100
0
176
0
169
0
11692
0
128
0
169
0
15
0
251
0
130
0
153
0
176
0
8163
0
0
0
0
0
5
0
146
0
0
0
13
0
10
0
202
0
0
0
82
0
10
0
146
0
0
0
138
0
194
0
3742
0
0
0
0
0
0
0
0
0
0
0
0
0
0
0
0
0
0
0
0
0
0
0
18
0
0
0
9
0
0
0
220
0
0
0
0
0
0
0
0
0
0
0
0
0
0
0
132
0
0
0
0
0
0
0
90
0
0
0
0
0
0
0
2453
0
0
0
0
0
0
0
0
0
0
0
0
0
0
0
0
0
0
0
0
0
0
0
0
0
0
0
0
0
0
0
0
0
0
0
0
0
0
0
0
0
0
0
0
0
0
0
0
0
0
0
0
0
0
0
0
0
0
0
0
0
0
0
0
0
0
0
0
0
0
0
0
0
0
0
0
0
0
0
0
0
0
0
0
0
0
0
0
0
0
0
0
0
0
0
0
0
0
0
0
0
0
0
0
0
0
0
0
0
0
0
0
0
0
0
0
0
0
0
0
0
0
0
0
0
0
0
121547
