252
786
0
1356
0
108
0
3235
0
97
0
238
0
194
0
9024
0
129
0
140
0
16
0
210
0
160
0
176
0
186
0
7362
0
0
0
0
0
2
0
103
0
0
0
11
0
6
0
199
0
0
0
65
0
6
0
125
0
0
0
101
0
191
0
3599
0
0
0
0
0
0
0
0
0
0
0
0
0
0
0
0
0
0
0
0
0
0
0
11
0
0
0
1
0
0
0
158
0
0
0
0
0
0
0
0
0
0
0
0
0
0
0
95
0
0
0
0
0
0
0
50
0
0
0
0
0
0
0
2039
0
0
0
0
0
0
0
0
0
0
0
0
0
0
0
0
0
0
0
0
0
0
0
0
0
0
0
0
0
0
0
0
0
0
0
0
0
0
0
0
0
0
0
0
0
0
0
0
0
0
0
0
0
0
0
0
0
0
0
0
0
0
0
0
0
0
0
0
0
0
0
0
0
0
0
0
0
0
0
0
0
0
0
0
0
0
0
0
0
0
0
0
0
0
0
0
0
0
0
0
0
0
0
0
0
0
0
0
0
0
0
0
0
0
0
0
0
0
0
0
0
0
0
0
0
0
0
127973
