280
602
0
524
0
65
0
1040
0
95
0
138
0
136
0
3543
0
63
0
54
0
4
0
37
0
57
0
80
0
48
0
1298
0
0
0
0
0
4
0
40
0
0
0
1
0
2
0
47
0
0
0
22
0
4
0
26
0
0
0
40
0
45
0
433
0
0
0
0
0
0
0
0
0
0
0
0
0
0
0
0
0
0
0
0
0
0
0
2
0
0
0
5
0
0
0
37
0
0
0
0
0
0
0
0
0
0
0
0
0
0
0
49
0
0
0
0
0
0
0
20
0
0
0
0
0
0
0
266
0
0
0
0
0
0
0
0
0
0
0
0
0
0
0
0
0
0
0
0
0
0
0
0
0
0
0
0
0
0
0
0
0
0
0
0
0
0
0
0
0
0
0
0
0
0
0
0
0
0
0
0
0
0
0
0
0
0
0
0
0
0
0
0
0
0
0
0
0
0
0
0
0
0
0
0
0
0
0
0
0
0
0
0
0
0
0
0
0
0
0
0
0
0
0
0
0
0
0
0
0
0
0
0
0
0
0
0
0
0
0
0
0
0
0
0
0
0
0
0
0
0
0
0
0
0
0
149297
