145
341
0
465
0
50
0
1545
0
59
0
81
0
64
0
5702
0
56
0
55
0
5
0
73
0
50
0
56
0
60
0
2615
0
0
0
0
0
9
0
39
0
0
0
3
0
1
0
59
0
0
0
13
0
3
0
46
0
0
0
39
0
77
0
837
0
0
0
0
0
0
0
0
0
0
0
0
0
0
0
0
0
0
0
0
0
1
0
10
0
0
0
4
0
0
0
78
0
0
0
0
0
0
0
0
0
0
0
0
0
0
0
49
0
0
0
0
0
0
0
32
0
0
0
0
0
0
0
705
0
0
0
0
0
0
0
0
0
0
0
0
0
0
0
0
0
0
0
0
0
0
0
0
0
0
0
0
0
0
0
0
0
0
0
0
0
0
0
0
0
0
0
0
0
0
0
0
0
0
0
0
0
0
0
0
0
0
0
0
0
0
0
0
0
0
0
0
0
0
0
0
0
0
0
0
0
0
0
0
0
0
0
0
0
0
0
0
0
0
0
0
0
0
0
0
0
0
0
0
0
0
0
0
0
0
0
0
0
0
0
0
0
0
0
0
0
0
0
0
0
0
0
0
0
0
0
144977
