274
829
0
1176
0
71
0
3293
0
124
0
129
0
135
0
8773
0
128
0
108
0
11
0
122
0
95
0
89
0
122
0
5565
0
0
0
0
0
3
0
97
0
0
0
6
0
5
0
124
0
0
0
36
0
2
0
74
0
0
0
88
0
122
0
2204
0
0
0
0
0
0
0
0
0
0
0
0
0
0
0
0
0
0
0
0
0
0
0
7
0
0
0
5
0
0
0
90
0
0
0
0
0
0
0
0
0
0
0
0
0
0
0
93
0
0
0
0
0
0
0
45
0
0
0
0
0
0
0
1422
0
0
0
0
0
0
0
0
0
0
0
0
0
0
0
0
0
0
0
0
0
0
0
0
0
0
0
0
0
0
0
0
0
0
0
0
0
0
0
0
0
0
0
0
0
0
0
0
0
0
0
0
0
0
0
0
0
0
0
0
0
0
0
0
0
0
0
0
0
0
0
0
0
0
0
0
0
0
0
0
0
0
0
0
0
0
0
0
0
0
0
0
0
0
0
0
0
0
0
0
0
0
0
0
0
0
0
0
0
0
0
0
0
0
0
0
0
0
0
0
0
0
0
0
0
0
0
132937
