147
342
0
564
0
46
0
2769
0
73
0
81
0
114
0
12877
0
111
0
62
0
15
0
140
0
72
0
44
0
148
0
8576
0
0
0
0
0
9
0
60
0
0
0
9
0
16
0
135
0
0
0
26
0
10
0
58
0
0
0
65
0
136
0
2966
0
0
0
0
0
0
0
0
0
0
0
0
0
0
0
0
0
0
0
0
0
3
0
22
0
0
0
20
0
0
0
253
0
0
0
0
0
0
0
0
0
0
0
0
0
0
0
105
0
0
0
0
0
0
0
67
0
0
0
0
0
0
0
2869
0
0
0
0
0
0
0
0
0
0
0
0
0
0
0
0
0
0
0
0
0
0
0
0
0
0
0
0
0
0
0
0
0
0
0
0
0
0
0
0
0
0
0
0
0
0
0
0
0
0
0
0
0
0
0
0
0
0
0
0
0
0
0
0
0
0
0
0
0
0
0
0
0
0
0
0
0
0
0
0
0
0
0
0
0
0
0
0
0
0
0
0
0
0
0
0
0
0
0
0
0
0
0
0
0
0
0
0
0
0
0
0
0
0
0
0
0
0
0
0
0
0
0
0
0
0
0
125394
