234
748
0
1514
0
157
0
6040
0
111
0
195
0
220
0
23694
0
119
0
168
0
41
0
272
0
185
0
199
0
255
0
14880
0
0
0
0
0
20
0
136
0
0
0
25
0
18
0
272
0
0
0
75
0
16
0
204
0
0
0
169
0
245
0
5809
0
0
0
0
0
0
0
0
0
0
0
0
0
0
0
0
0
0
0
0
0
5
0
41
0
0
0
13
0
0
0
440
0
0
0
0
0
0
0
0
0
0
0
0
0
0
0
163
0
0
0
0
0
0
0
123
0
0
0
0
0
0
0
4402
0
0
0
0
0
0
0
0
0
0
0
0
0
0
0
0
0
0
0
0
0
0
0
0
0
0
0
0
0
0
0
0
0
0
0
0
0
0
0
0
0
0
0
0
0
0
0
0
0
0
0
0
0
0
0
0
0
0
0
0
0
0
0
0
0
0
0
0
0
0
0
0
0
0
0
0
0
0
0
0
0
0
0
0
0
0
0
0
0
0
0
0
0
0
0
0
0
0
0
0
0
0
0
0
0
0
0
0
0
0
0
0
0
0
0
0
0
0
0
0
0
0
0
0
0
0
0
97196
