489
1136
0
1616
0
144
0
3840
0
151
0
211
0
199
0
9034
0
92
0
159
0
11
0
201
0
179
0
159
0
191
0
5597
0
0
0
0
0
10
0
139
0
0
0
4
0
18
0
212
0
0
0
60
0
13
0
164
0
0
0
142
0
242
0
2547
0
0
0
0
0
0
0
0
0
0
0
0
0
0
0
0
0
0
0
0
0
0
0
8
0
0
0
8
0
0
0
203
0
0
0
0
0
0
0
0
0
0
0
0
0
0
0
168
0
0
0
0
0
0
0
100
0
0
0
0
0
0
0
1846
0
0
0
0
0
0
0
0
0
0
0
0
0
0
0
0
0
0
0
0
0
0
0
0
0
0
0
0
0
0
0
0
0
0
0
0
0
0
0
0
0
0
0
0
0
0
0
0
0
0
0
0
0
0
0
0
0
0
0
0
0
0
0
0
0
0
0
0
0
0
0
0
0
0
0
0
0
0
0
0
0
0
0
0
0
0
0
0
0
0
0
0
0
0
0
0
0
0
0
0
0
0
0
0
0
0
0
0
0
0
0
0
0
0
0
0
0
0
0
0
0
0
0
0
0
0
0
129111
