286
969
0
871
0
77
0
2060
0
132
0
70
0
192
0
8583
0
219
0
113
0
10
0
138
0
145
0
74
0
157
0
4968
0
0
0
0
0
9
0
65
0
0
0
6
0
4
0
151
0
0
0
41
0
4
0
63
0
0
0
75
0
95
0
1877
0
0
0
0
0
0
0
0
0
0
0
0
0
0
0
0
0
0
0
0
0
0
0
6
0
0
0
10
0
0
0
128
0
0
0
0
0
0
0
0
0
0
0
0
0
0
0
130
0
0
0
0
0
0
0
57
0
0
0
0
0
0
0
1724
0
0
0
0
0
0
0
0
0
0
0
0
0
0
0
0
0
0
0
0
0
0
0
0
0
0
0
0
0
0
0
0
0
0
0
0
0
0
0
0
0
0
0
0
0
0
0
0
0
0
0
0
0
0
0
0
0
0
0
0
0
0
0
0
0
0
0
0
0
0
0
0
0
0
0
0
0
0
0
0
0
0
0
0
0
0
0
0
0
0
0
0
0
0
0
0
0
0
0
0
0
0
0
0
0
0
0
0
0
0
0
0
0
0
0
0
0
0
0
0
0
0
0
0
0
0
0
134895
