114
285
0
562
0
57
0
1508
0
55
0
73
0
69
0
4781
0
38
0
48
0
3
0
69
0
51
0
62
0
72
0
2205
0
0
0
0
0
2
0
40
0
0
0
0
0
4
0
64
0
0
0
19
0
1
0
52
0
0
0
49
0
88
0
847
0
0
0
0
0
0
0
0
0
0
0
0
0
0
0
0
0
0
0
0
0
0
0
5
0
0
0
9
0
0
0
71
0
0
0
0
0
0
0
0
0
0
0
0
0
0
0
50
0
0
0
0
0
0
0
30
0
0
0
0
0
0
0
702
0
0
0
0
0
0
0
0
0
0
0
0
0
0
0
0
0
0
0
0
0
0
0
0
0
0
0
0
0
0
0
0
0
0
0
0
0
0
0
0
0
0
0
0
0
0
0
0
0
0
0
0
0
0
0
0
0
0
0
0
0
0
0
0
0
0
0
0
0
0
0
0
0
0
0
0
0
0
0
0
0
0
0
0
0
0
0
0
0
0
0
0
0
0
0
0
0
0
0
0
0
0
0
0
0
0
0
0
0
0
0
0
0
0
0
0
0
0
0
0
0
0
0
0
0
0
0
146319
