782
1798
0
2650
0
266
0
4189
0
245
0
346
0
338
0
6873
0
126
0
298
0
24
0
294
0
303
0
330
0
255
0
4619
0
0
0
0
0
14
0
352
0
0
0
15
0
16
0
358
0
0
0
137
0
20
0
284
0
0
0
287
0
392
0
3385
0
0
0
0
0
0
0
0
0
0
0
0
0
0
0
0
0
0
0
0
0
0
0
18
0
0
0
26
0
0
0
308
0
0
0
0
0
0
0
0
0
0
0
0
0
0
0
248
0
0
0
0
0
0
0
142
0
0
0
0
0
0
0
2720
0
0
0
0
0
0
0
0
0
0
0
0
0
0
0
0
0
0
0
0
0
0
0
0
0
0
0
0
0
0
0
0
0
0
0
0
0
0
0
0
0
0
0
0
0
0
0
0
0
0
0
0
0
0
0
0
0
0
0
0
0
0
0
0
0
0
0
0
0
0
0
0
0
0
0
0
0
0
0
0
0
0
0
0
0
0
0
0
0
0
0
0
0
0
0
0
0
0
0
0
0
0
0
0
0
0
0
0
0
0
0
0
0
0
0
0
0
0
0
0
0
0
0
0
0
0
0
125946
782
1798
0
2650
0
266
0
4189
0
245
0
346
0
338
0
6873
0
126
0
298
0
24
0
294
0
303
0
330
0
255
0
4619
0
0
0
0
0
14
0
352
0
0
0
15
0
16
0
358
0
0
0
137
0
20
0
284
0
0
0
287
0
392
0
3385
0
0
0
0
0
0
0
0
0
0
0
0
0
0
0
0
0
0
0
0
0
0
0
18
0
0
0
26
0
0
0
308
0
0
0
0
0
0
0
0
0
0
0
0
0
0
0
248
0
0
0
0
0
0
0
142
0
0
0
0
0
0
0
2720
0
0
0
0
0
0
0
0
0
0
0
0
0
0
0
0
0
0
0
0
0
0
0
0
0
0
0
0
0
0
0
0
0
0
0
0
0
0
0
0
0
0
0
0
0
0
0
0
0
0
0
0
0
0
0
0
0
0
0
0
0
0
0
0
0
0
0
0
0
0
0
0
0
0
0
0
0
0
0
0
0
0
0
0
0
0
0
0
0
0
0
0
0
0
0
0
0
0
0
0
0
0
0
0
0
0
0
0
0
0
0
0
0
0
0
0
0
0
0
0
0
0
0
0
0
0
0
125946
