164
463
0
662
0
47
0
1862
0
80
0
119
0
94
0
5615
0
84
0
74
0
4
0
100
0
53
0
69
0
92
0
3089
0
0
0
0
0
5
0
55
0
0
0
3
0
5
0
101
0
0
0
17
0
2
0
39
0
0
0
56
0
88
0
1295
0
0
0
0
0
0
0
0
0
0
0
0
0
0
0
0
0
0
0
0
0
1
0
10
0
0
0
3
0
0
0
98
0
0
0
0
0
0
0
0
0
0
0
0
0
0
0
65
0
0
0
0
0
0
0
23
0
0
0
0
0
0
0
1028
0
0
0
0
0
0
0
0
0
0
0
0
0
0
0
0
0
0
0
0
0
0
0
0
0
0
0
0
0
0
0
0
0
0
0
0
0
0
0
0
0
0
0
0
0
0
0
0
0
0
0
0
0
0
0
0
0
0
0
0
0
0
0
0
0
0
0
0
0
0
0
0
0
0
0
0
0
0
0
0
0
0
0
0
0
0
0
0
0
0
0
0
0
0
0
0
0
0
0
0
0
0
0
0
0
0
0
0
0
0
0
0
0
0
0
0
0
0
0
0
0
0
0
0
0
0
0
142839
