98
181
0
506
0
29
0
1758
0
25
0
33
0
41
0
4939
0
20
0
49
0
4
0
51
0
32
0
42
0
71
0
3100
0
0
0
0
0
4
0
31
0
0
0
1
0
1
0
40
0
0
0
10
0
1
0
44
0
0
0
25
0
48
0
1161
0
0
0
0
0
0
0
0
0
0
0
0
0
0
0
0
0
0
0
0
0
0
0
8
0
0
0
1
0
0
0
80
0
0
0
0
0
0
0
0
0
0
0
0
0
0
0
31
0
0
0
0
0
0
0
17
0
0
0
0
0
0
0
774
0
0
0
0
0
0
0
0
0
0
0
0
0
0
0
0
0
0
0
0
0
0
0
0
0
0
0
0
0
0
0
0
0
0
0
0
0
0
0
0
0
0
0
0
0
0
0
0
0
0
0
0
0
0
0
0
0
0
0
0
0
0
0
0
0
0
0
0
0
0
0
0
0
0
0
0
0
0
0
0
0
0
0
0
0
0
0
0
0
0
0
0
0
0
0
0
0
0
0
0
0
0
0
0
0
0
0
0
0
0
0
0
0
0
0
0
0
0
0
0
0
0
0
0
0
0
0
145148
