209
595
0
1162
0
84
0
3624
0
78
0
116
0
142
0
11123
0
64
0
75
0
10
0
146
0
83
0
103
0
128
0
5962
0
0
0
0
0
4
0
82
0
0
0
5
0
6
0
128
0
0
0
29
0
5
0
82
0
0
0
87
0
140
0
2214
0
0
0
0
0
0
0
0
0
0
0
0
0
0
0
0
0
0
0
0
0
2
0
18
0
0
0
5
0
0
0
193
0
0
0
0
0
0
0
0
0
0
0
0
0
0
0
83
0
0
0
0
0
0
0
61
0
0
0
0
0
0
0
1721
0
0
0
0
0
0
0
0
0
0
0
0
0
0
0
0
0
0
0
0
0
0
0
0
0
0
0
0
0
0
0
0
0
0
0
0
0
0
0
0
0
0
0
0
0
0
0
0
0
0
0
0
0
0
0
0
0
0
0
0
0
0
0
0
0
0
0
0
0
0
0
0
0
0
0
0
0
0
0
0
0
0
0
0
0
0
0
0
0
0
0
0
0
0
0
0
0
0
0
0
0
0
0
0
0
0
0
0
0
0
0
0
0
0
0
0
0
0
0
0
0
0
0
0
0
0
0
129835
