281
781
0
1469
0
128
0
4427
0
90
0
245
0
194
0
14730
0
164
0
127
0
19
0
193
0
132
0
216
0
171
0
10342
0
0
0
0
0
6
0
126
0
0
0
5
0
6
0
141
0
0
0
51
0
3
0
126
0
0
0
100
0
200
0
4058
0
0
0
0
0
0
0
0
0
0
0
0
0
0
0
0
0
0
0
0
0
0
0
10
0
0
0
5
0
0
0
172
0
0
0
0
0
0
0
0
0
0
0
0
0
0
0
96
0
0
0
0
0
0
0
78
0
0
0
0
0
0
0
2081
0
0
0
0
0
0
0
0
0
0
0
0
0
0
0
0
0
0
0
0
0
0
0
0
0
0
0
0
0
0
0
0
0
0
0
0
0
0
0
0
0
0
0
0
0
0
0
0
0
0
0
0
0
0
0
0
0
0
0
0
0
0
0
0
0
0
0
0
0
0
0
0
0
0
0
0
0
0
0
0
0
0
0
0
0
0
0
0
0
0
0
0
0
0
0
0
0
0
0
0
0
0
0
0
0
0
0
0
0
0
0
0
0
0
0
0
0
0
0
0
0
0
0
0
0
0
0
117431
