188
436
0
704
0
73
0
1777
0
60
0
76
0
60
0
3735
0
44
0
49
0
2
0
60
0
58
0
61
0
43
0
1768
0
0
0
0
0
4
0
69
0
0
0
3
0
2
0
77
0
0
0
23
0
1
0
57
0
0
0
44
0
72
0
697
0
0
0
0
0
0
0
0
0
0
0
0
0
0
0
0
0
0
0
0
0
0
0
2
0
0
0
2
0
0
0
53
0
0
0
0
0
0
0
0
0
0
0
0
0
0
0
54
0
0
0
0
0
0
0
31
0
0
0
0
0
0
0
482
0
0
0
0
0
0
0
0
0
0
0
0
0
0
0
0
0
0
0
0
0
0
0
0
0
0
0
0
0
0
0
0
0
0
0
0
0
0
0
0
0
0
0
0
0
0
0
0
0
0
0
0
0
0
0
0
0
0
0
0
0
0
0
0
0
0
0
0
0
0
0
0
0
0
0
0
0
0
0
0
0
0
0
0
0
0
0
0
0
0
0
0
0
0
0
0
0
0
0
0
0
0
0
0
0
0
0
0
0
0
0
0
0
0
0
0
0
0
0
0
0
0
0
0
0
0
0
147537
