221
718
0
1220
0
115
0
4932
0
101
0
198
0
216
0
22829
0
100
0
153
0
19
0
262
0
143
0
154
0
222
0
13513
0
0
0
0
0
2
0
110
0
0
0
10
0
5
0
271
0
0
0
53
0
11
0
142
0
0
0
151
0
240
0
5693
0
0
0
0
0
0
0
0
0
0
0
0
0
0
0
0
0
0
0
0
0
2
0
28
0
0
0
9
0
0
0
533
0
0
0
0
0
0
0
0
0
0
0
0
0
0
0
152
0
0
0
0
0
0
0
118
0
0
0
0
0
0
0
5377
0
0
0
0
0
0
0
0
0
0
0
0
0
0
0
0
0
0
0
0
0
0
0
0
0
0
0
0
0
0
0
0
0
0
0
0
0
0
0
0
0
0
0
0
0
0
0
0
0
0
0
0
0
0
0
0
0
0
0
0
0
0
0
0
0
0
0
0
0
0
0
0
0
0
0
0
0
0
0
0
0
0
0
0
0
0
0
0
0
0
0
0
0
0
0
0
0
0
0
0
0
0
0
0
0
0
0
0
0
0
0
0
0
0
0
0
0
0
0
0
0
0
0
0
0
0
0
100381
