421
1077
0
1426
0
128
0
3624
0
151
0
148
0
173
0
8739
0
169
0
130
0
18
0
123
0
152
0
107
0
150
0
5044
0
0
0
0
0
15
0
128
0
0
0
10
0
18
0
166
0
0
0
40
0
14
0
120
0
0
0
111
0
128
0
1872
0
0
0
0
0
0
0
0
0
0
0
0
0
0
0
0
0
0
0
0
0
1
0
11
0
0
0
18
0
0
0
141
0
0
0
0
0
0
0
0
0
0
0
0
0
0
0
104
0
0
0
0
0
0
0
51
0
0
0
0
0
0
0
1146
0
0
0
0
0
0
0
0
0
0
0
0
0
0
0
0
0
0
0
0
0
0
0
0
0
0
0
0
0
0
0
0
0
0
0
0
0
0
0
0
0
0
0
0
0
0
0
0
0
0
0
0
0
0
0
0
0
0
0
0
0
0
0
0
0
0
0
0
0
0
0
0
0
0
0
0
0
0
0
0
0
0
0
0
0
0
0
0
0
0
0
0
0
0
0
0
0
0
0
0
0
0
0
0
0
0
0
0
0
0
0
0
0
0
0
0
0
0
0
0
0
0
0
0
0
0
0
132530
