217
528
0
510
0
74
0
1558
0
95
0
81
0
100
0
4880
0
93
0
99
0
16
0
93
0
80
0
82
0
88
0
2951
0
0
0
0
0
9
0
51
0
0
0
6
0
9
0
115
0
0
0
27
0
11
0
61
0
0
0
59
0
79
0
1232
0
0
0
0
0
0
0
0
0
0
0
0
0
0
0
0
0
0
0
0
0
0
0
11
0
0
0
7
0
0
0
111
0
0
0
0
0
0
0
0
0
0
0
0
0
0
0
92
0
0
0
0
0
0
0
30
0
0
0
0
0
0
0
1110
0
0
0
0
0
0
0
0
0
0
0
0
0
0
0
0
0
0
0
0
0
0
0
0
0
0
0
0
0
0
0
0
0
0
0
0
0
0
0
0
0
0
0
0
0
0
0
0
0
0
0
0
0
0
0
0
0
0
0
0
0
0
0
0
0
0
0
0
0
0
0
0
0
0
0
0
0
0
0
0
0
0
0
0
0
0
0
0
0
0
0
0
0
0
0
0
0
0
0
0
0
0
0
0
0
0
0
0
0
0
0
0
0
0
0
0
0
0
0
0
0
0
0
0
0
0
0
143839
