1061
2376
0
3104
0
304
0
4754
0
300
0
414
0
427
0
8622
0
197
0
345
0
33
0
341
0
334
0
387
0
300
0
5057
0
0
0
0
0
22
0
346
0
0
0
25
0
27
0
461
0
0
0
147
0
20
0
304
0
0
0
327
0
410
0
3482
0
0
0
0
0
0
0
0
0
0
0
0
0
0
0
0
0
0
0
0
0
1
0
17
0
0
0
17
0
0
0
329
0
0
0
0
0
0
0
0
0
0
0
0
0
0
0
325
0
0
0
0
0
0
0
173
0
0
0
0
0
0
0
2885
0
0
0
0
0
0
0
0
0
0
0
0
0
0
0
0
0
0
0
0
0
0
0
0
0
0
0
0
0
0
0
0
0
0
0
0
0
0
0
0
0
0
0
0
0
0
0
0
0
0
0
0
0
0
0
0
0
0
0
0
0
0
0
0
0
0
0
0
0
0
0
0
0
0
0
0
0
0
0
0
0
0
0
0
0
0
0
0
0
0
0
0
0
0
0
0
0
0
0
0
0
0
0
0
0
0
0
0
0
0
0
0
0
0
0
0
0
0
0
0
0
0
0
0
0
0
0
120730
