127
348
0
613
0
38
0
1914
0
41
0
90
0
63
0
5753
0
45
0
57
0
5
0
75
0
48
0
48
0
56
0
2849
0
0
0
0
0
0
0
38
0
0
0
4
0
2
0
58
0
0
0
23
0
2
0
37
0
0
0
37
0
56
0
959
0
0
0
0
0
0
0
0
0
0
0
0
0
0
0
0
0
0
0
0
0
0
0
2
0
0
0
4
0
0
0
53
0
0
0
0
0
0
0
0
0
0
0
0
0
0
0
50
0
0
0
0
0
0
0
33
0
0
0
0
0
0
0
629
0
0
0
0
0
0
0
0
0
0
0
0
0
0
0
0
0
0
0
0
0
0
0
0
0
0
0
0
0
0
0
0
0
0
0
0
0
0
0
0
0
0
0
0
0
0
0
0
0
0
0
0
0
0
0
0
0
0
0
0
0
0
0
0
0
0
0
0
0
0
0
0
0
0
0
0
0
0
0
0
0
0
0
0
0
0
0
0
0
0
0
0
0
0
0
0
0
0
0
0
0
0
0
0
0
0
0
0
0
0
0
0
0
0
0
0
0
0
0
0
0
0
0
0
0
0
0
144247
