470
1174
0
1509
0
151
0
3040
0
184
0
213
0
267
0
8654
0
159
0
176
0
15
0
216
0
177
0
181
0
227
0
5793
0
0
0
0
0
12
0
154
0
0
0
13
0
21
0
235
0
0
0
74
0
12
0
170
0
0
0
180
0
225
0
2758
0
0
0
0
0
0
0
0
0
0
0
0
0
0
0
0
0
0
0
0
0
0
0
18
0
0
0
20
0
0
0
261
0
0
0
0
0
0
0
0
0
0
0
0
0
0
0
199
0
0
0
0
0
0
0
107
0
0
0
0
0
0
0
2258
0
0
0
0
0
0
0
0
0
0
0
0
0
0
0
0
0
0
0
0
0
0
0
0
0
0
0
0
0
0
0
0
0
0
0
0
0
0
0
0
0
0
0
0
0
0
0
0
0
0
0
0
0
0
0
0
0
0
0
0
0
0
0
0
0
0
0
0
0
0
0
0
0
0
0
0
0
0
0
0
0
0
0
0
0
0
0
0
0
0
0
0
0
0
0
0
0
0
0
0
0
0
0
0
0
0
0
0
0
0
0
0
0
0
0
0
0
0
0
0
0
0
0
0
0
0
0
129081
