241
789
0
1524
0
95
0
4086
0
166
0
230
0
226
0
17886
0
99
0
127
0
18
0
222
0
135
0
157
0
235
0
9895
0
0
0
0
0
14
0
100
0
0
0
13
0
16
0
228
0
0
0
28
0
15
0
102
0
0
0
109
0
214
0
3848
0
0
0
0
0
0
0
0
0
0
0
0
0
0
0
0
0
0
0
0
0
1
0
21
0
0
0
15
0
0
0
353
0
0
0
0
0
0
0
0
0
0
0
0
0
0
0
164
0
0
0
0
0
0
0
90
0
0
0
0
0
0
0
3595
0
0
0
0
0
0
0
0
0
0
0
0
0
0
0
0
0
0
0
0
0
0
0
0
0
0
0
0
0
0
0
0
0
0
0
0
0
0
0
0
0
0
0
0
0
0
0
0
0
0
0
0
0
0
0
0
0
0
0
0
0
0
0
0
0
0
0
0
0
0
0
0
0
0
0
0
0
0
0
0
0
0
0
0
0
0
0
0
0
0
0
0
0
0
0
0
0
0
0
0
0
0
0
0
0
0
0
0
0
0
0
0
0
0
0
0
0
0
0
0
0
0
0
0
0
0
0
113347
