100
326
0
781
0
51
0
3401
0
62
0
76
0
101
0
16113
0
78
0
52
0
8
0
129
0
61
0
42
0
112
0
10327
0
0
0
0
0
1
0
57
0
0
0
6
0
4
0
125
0
0
0
19
0
6
0
56
0
0
0
42
0
117
0
3321
0
0
0
0
0
0
0
0
0
0
0
0
0
0
0
0
0
0
0
0
0
1
0
9
0
0
0
2
0
0
0
246
0
0
0
0
0
0
0
0
0
0
0
0
0
0
0
63
0
0
0
0
0
0
0
45
0
0
0
0
0
0
0
2835
0
0
0
0
0
0
0
0
0
0
0
0
0
0
0
0
0
0
0
0
0
0
0
0
0
0
0
0
0
0
0
0
0
0
0
0
0
0
0
0
0
0
0
0
0
0
0
0
0
0
0
0
0
0
0
0
0
0
0
0
0
0
0
0
0
0
0
0
0
0
0
0
0
0
0
0
0
0
0
0
0
0
0
0
0
0
0
0
0
0
0
0
0
0
0
0
0
0
0
0
0
0
0
0
0
0
0
0
0
0
0
0
0
0
0
0
0
0
0
0
0
0
0
0
0
0
0
119629
