254
438
0
348
0
58
0
735
0
97
0
62
0
95
0
2005
0
62
0
34
0
4
0
44
0
57
0
40
0
50
0
949
0
0
0
0
0
6
0
39
0
0
0
8
0
9
0
51
0
0
0
23
0
2
0
43
0
0
0
36
0
38
0
356
0
0
0
0
0
0
0
0
0
0
0
0
0
0
0
0
0
0
0
0
0
1
0
5
0
0
0
7
0
0
0
38
0
0
0
0
0
0
0
0
0
0
0
0
0
0
0
52
0
0
0
0
0
0
0
28
0
0
0
0
0
0
0
358
0
0
0
0
0
0
0
0
0
0
0
0
0
0
0
0
0
0
0
0
0
0
0
0
0
0
0
0
0
0
0
0
0
0
0
0
0
0
0
0
0
0
0
0
0
0
0
0
0
0
0
0
0
0
0
0
0
0
0
0
0
0
0
0
0
0
0
0
0
0
0
0
0
0
0
0
0
0
0
0
0
0
0
0
0
0
0
0
0
0
0
0
0
0
0
0
0
0
0
0
0
0
0
0
0
0
0
0
0
0
0
0
0
0
0
0
0
0
0
0
0
0
0
0
0
0
0
151972
