460
1441
0
1008
0
83
0
2159
0
129
0
142
0
127
0
5622
0
299
0
111
0
21
0
142
0
101
0
82
0
138
0
3096
0
0
0
0
0
6
0
69
0
0
0
4
0
5
0
110
0
0
0
21
0
5
0
93
0
0
0
67
0
148
0
1108
0
0
0
0
0
0
0
0
0
0
0
0
0
0
0
0
0
0
0
0
0
0
0
5
0
0
0
2
0
0
0
93
0
0
0
0
0
0
0
0
0
0
0
0
0
0
0
136
0
0
0
0
0
0
0
177
0
0
0
0
0
0
0
1453
0
0
0
0
0
0
0
0
0
0
0
0
0
0
0
0
0
0
0
0
0
0
0
0
0
0
0
0
0
0
0
0
0
0
0
0
0
0
0
0
0
0
0
0
0
0
0
0
0
0
0
0
0
0
0
0
0
0
0
0
0
0
0
0
0
0
0
0
0
0
0
0
0
0
0
0
0
0
0
0
0
0
0
0
0
0
0
0
0
0
0
0
0
0
0
0
0
0
0
0
0
0
0
0
0
0
0
0
0
0
0
0
0
0
0
0
0
0
0
0
0
0
0
0
0
0
0
139741
