295
717
0
1135
0
105
0
2878
0
137
0
199
0
214
0
7527
0
102
0
141
0
20
0
231
0
146
0
167
0
221
0
7689
0
0
0
0
0
7
0
143
0
0
0
10
0
6
0
222
0
0
0
82
0
15
0
193
0
0
0
155
0
222
0
4547
0
0
0
0
0
0
0
0
0
0
0
0
0
0
0
0
0
0
0
0
0
1
0
31
0
0
0
8
0
0
0
337
0
0
0
0
0
0
0
0
0
0
0
0
0
0
0
179
0
0
0
0
0
0
0
121
0
0
0
0
0
0
0
3422
0
0
0
0
0
0
0
0
0
0
0
0
0
0
0
0
0
0
0
0
0
0
0
0
0
0
0
0
0
0
0
0
0
0
0
0
0
0
0
0
0
0
0
0
0
0
0
0
0
0
0
0
0
0
0
0
0
0
0
0
0
0
0
0
0
0
0
0
0
0
0
0
0
0
0
0
0
0
0
0
0
0
0
0
0
0
0
0
0
0
0
0
0
0
0
0
0
0
0
0
0
0
0
0
0
0
0
0
0
0
0
0
0
0
0
0
0
0
0
0
0
0
0
0
0
0
0
126779
