132
364
0
545
0
45
0
1355
0
47
0
54
0
82
0
4583
0
27
0
41
0
5
0
46
0
50
0
47
0
47
0
1984
0
0
0
0
0
9
0
46
0
0
0
0
0
3
0
90
0
0
0
16
0
2
0
28
0
0
0
36
0
46
0
792
0
0
0
0
0
0
0
0
0
0
0
0
0
0
0
0
0
0
0
0
0
0
0
4
0
0
0
3
0
0
0
55
0
0
0
0
0
0
0
0
0
0
0
0
0
0
0
53
0
0
0
0
0
0
0
9
0
0
0
0
0
0
0
575
0
0
0
0
0
0
0
0
0
0
0
0
0
0
0
0
0
0
0
0
0
0
0
0
0
0
0
0
0
0
0
0
0
0
0
0
0
0
0
0
0
0
0
0
0
0
0
0
0
0
0
0
0
0
0
0
0
0
0
0
0
0
0
0
0
0
0
0
0
0
0
0
0
0
0
0
0
0
0
0
0
0
0
0
0
0
0
0
0
0
0
0
0
0
0
0
0
0
0
0
0
0
0
0
0
0
0
0
0
0
0
0
0
0
0
0
0
0
0
0
0
0
0
0
0
0
0
147183
