93
310
0
398
0
36
0
1041
0
37
0
35
0
57
0
3401
0
16
0
26
0
4
0
37
0
39
0
21
0
61
0
1478
0
0
0
0
0
5
0
30
0
0
0
2
0
3
0
62
0
0
0
12
0
3
0
24
0
0
0
25
0
46
0
513
0
0
0
0
0
0
0
0
0
0
0
0
0
0
0
0
0
0
0
0
0
0
0
5
0
0
0
5
0
0
0
58
0
0
0
0
0
0
0
0
0
0
0
0
0
0
0
44
0
0
0
0
0
0
0
15
0
0
0
0
0
0
0
398
0
0
0
0
0
0
0
0
0
0
0
0
0
0
0
0
0
0
0
0
0
0
0
0
0
0
0
0
0
0
0
0
0
0
0
0
0
0
0
0
0
0
0
0
0
0
0
0
0
0
0
0
0
0
0
0
0
0
0
0
0
0
0
0
0
0
0
0
0
0
0
0
0
0
0
0
0
0
0
0
0
0
0
0
0
0
0
0
0
0
0
0
0
0
0
0
0
0
0
0
0
0
0
0
0
0
0
0
0
0
0
0
0
0
0
0
0
0
0
0
0
0
0
0
0
0
0
150064
