213
572
0
785
0
75
0
1786
0
88
0
119
0
143
0
6068
0
50
0
63
0
5
0
70
0
70
0
95
0
74
0
2816
0
0
0
0
0
3
0
65
0
0
0
3
0
7
0
75
0
0
0
22
0
2
0
44
0
0
0
46
0
123
0
1079
0
0
0
0
0
0
0
0
0
0
0
0
0
0
0
0
0
0
0
0
0
1
0
5
0
0
0
4
0
0
0
65
0
0
0
0
0
0
0
0
0
0
0
0
0
0
0
63
0
0
0
0
0
0
0
24
0
0
0
0
0
0
0
751
0
0
0
0
0
0
0
0
0
0
0
0
0
0
0
0
0
0
0
0
0
0
0
0
0
0
0
0
0
0
0
0
0
0
0
0
0
0
0
0
0
0
0
0
0
0
0
0
0
0
0
0
0
0
0
0
0
0
0
0
0
0
0
0
0
0
0
0
0
0
0
0
0
0
0
0
0
0
0
0
0
0
0
0
0
0
0
0
0
0
0
0
0
0
0
0
0
0
0
0
0
0
0
0
0
0
0
0
0
0
0
0
0
0
0
0
0
0
0
0
0
0
0
0
0
0
0
142930
