503
1100
0
1501
0
153
0
2218
0
128
0
221
0
212
0
3864
0
78
0
130
0
9
0
130
0
140
0
141
0
142
0
2164
0
0
0
0
0
10
0
148
0
0
0
8
0
19
0
185
0
0
0
64
0
12
0
139
0
0
0
150
0
193
0
1411
0
0
0
0
0
0
0
0
0
0
0
0
0
0
0
0
0
0
0
0
0
1
0
4
0
0
0
13
0
0
0
161
0
0
0
0
0
0
0
0
0
0
0
0
0
0
0
130
0
0
0
0
0
0
0
57
0
0
0
0
0
0
0
1272
0
0
0
0
0
0
0
0
0
0
0
0
0
0
0
0
0
0
0
0
0
0
0
0
0
0
0
0
0
0
0
0
0
0
0
0
0
0
0
0
0
0
0
0
0
0
0
0
0
0
0
0
0
0
0
0
0
0
0
0
0
0
0
0
0
0
0
0
0
0
0
0
0
0
0
0
0
0
0
0
0
0
0
0
0
0
0
0
0
0
0
0
0
0
0
0
0
0
0
0
0
0
0
0
0
0
0
0
0
0
0
0
0
0
0
0
0
0
0
0
0
0
0
0
0
0
0
141593
