86
479
0
358
0
17
0
1716
0
61
0
44
0
46
0
7168
0
296
0
92
0
9
0
85
0
90
0
30
0
115
0
5281
0
0
0
0
0
0
0
21
0
0
0
3
0
0
0
47
0
0
0
11
0
3
0
24
0
0
0
23
0
43
0
1254
0
0
0
0
0
0
0
0
0
0
0
0
0
0
0
0
0
0
0
0
0
1
0
11
0
0
0
5
0
0
0
82
0
0
0
0
0
0
0
0
0
0
0
0
0
0
0
24
0
0
0
0
0
0
0
69
0
0
0
0
0
0
0
1334
0
0
0
0
0
0
0
0
0
0
0
0
0
0
0
0
0
0
0
0
0
0
0
0
0
0
0
0
0
0
0
0
0
0
0
0
0
0
0
0
0
0
0
0
0
0
0
0
0
0
0
0
0
0
0
0
0
0
0
0
0
0
0
0
0
0
0
0
0
0
0
0
0
0
0
0
0
0
0
0
0
0
0
0
0
0
0
0
0
0
0
0
0
0
0
0
0
0
0
0
0
0
0
0
0
0
0
0
0
0
0
0
0
0
0
0
0
0
0
0
0
0
0
0
0
0
0
139476
