215
577
0
716
0
75
0
2400
0
86
0
97
0
102
0
8104
0
111
0
95
0
18
0
116
0
98
0
103
0
106
0
4055
0
0
0
0
0
4
0
83
0
0
0
8
0
8
0
85
0
0
0
30
0
9
0
81
0
0
0
84
0
86
0
1421
0
0
0
0
0
0
0
0
0
0
0
0
0
0
0
0
0
0
0
0
0
1
0
10
0
0
0
12
0
0
0
96
0
0
0
0
0
0
0
0
0
0
0
0
0
0
0
80
0
0
0
0
0
0
0
50
0
0
0
0
0
0
0
1300
0
0
0
0
0
0
0
0
0
0
0
0
0
0
0
0
0
0
0
0
0
0
0
0
0
0
0
0
0
0
0
0
0
0
0
0
0
0
0
0
0
0
0
0
0
0
0
0
0
0
0
0
0
0
0
0
0
0
0
0
0
0
0
0
0
0
0
0
0
0
0
0
0
0
0
0
0
0
0
0
0
0
0
0
0
0
0
0
0
0
0
0
0
0
0
0
0
0
0
0
0
0
0
0
0
0
0
0
0
0
0
0
0
0
0
0
0
0
0
0
0
0
0
0
0
0
0
137882
