143
425
0
637
0
75
0
1658
0
64
0
167
0
99
0
6753
0
51
0
43
0
7
0
80
0
52
0
95
0
68
0
3376
0
0
0
0
0
3
0
35
0
0
0
3
0
5
0
91
0
0
0
15
0
1
0
38
0
0
0
39
0
109
0
1175
0
0
0
0
0
0
0
0
0
0
0
0
0
0
0
0
0
0
0
0
0
0
0
3
0
0
0
11
0
0
0
106
0
0
0
0
0
0
0
0
0
0
0
0
0
0
0
52
0
0
0
0
0
0
0
35
0
0
0
0
0
0
0
797
0
0
0
0
0
0
0
0
0
0
0
0
0
0
0
0
0
0
0
0
0
0
0
0
0
0
0
0
0
0
0
0
0
0
0
0
0
0
0
0
0
0
0
0
0
0
0
0
0
0
0
0
0
0
0
0
0
0
0
0
0
0
0
0
0
0
0
0
0
0
0
0
0
0
0
0
0
0
0
0
0
0
0
0
0
0
0
0
0
0
0
0
0
0
0
0
0
0
0
0
0
0
0
0
0
0
0
0
0
0
0
0
0
0
0
0
0
0
0
0
0
0
0
0
0
0
0
142093
