287
703
0
663
0
123
0
2329
0
107
0
84
0
106
0
9418
0
223
0
96
0
31
0
153
0
119
0
69
0
190
0
7740
0
0
0
0
0
13
0
59
0
0
0
11
0
2
0
129
0
0
0
14
0
15
0
41
0
0
0
72
0
118
0
2230
0
0
0
0
0
0
0
0
0
0
0
0
0
0
0
0
0
0
0
0
0
2
0
26
0
0
0
7
0
0
0
270
0
0
0
0
0
0
0
0
0
0
0
0
0
0
0
70
0
0
0
0
0
0
0
42
0
0
0
0
0
0
0
2233
0
0
0
0
0
0
0
0
0
0
0
0
0
0
0
0
0
0
0
0
0
0
0
0
0
0
0
0
0
0
0
0
0
0
0
0
0
0
0
0
0
0
0
0
0
0
0
0
0
0
0
0
0
0
0
0
0
0
0
0
0
0
0
0
0
0
0
0
0
0
0
0
0
0
0
0
0
0
0
0
0
0
0
0
0
0
0
0
0
0
0
0
0
0
0
0
0
0
0
0
0
0
0
0
0
0
0
0
0
0
0
0
0
0
0
0
0
0
0
0
0
0
0
0
0
0
0
130609
