122
490
0
1140
0
46
0
3526
0
61
0
92
0
126
0
11283
0
54
0
81
0
8
0
141
0
65
0
67
0
142
0
7119
0
0
0
0
0
5
0
75
0
0
0
5
0
3
0
138
0
0
0
22
0
2
0
53
0
0
0
73
0
135
0
2728
0
0
0
0
0
0
0
0
0
0
0
0
0
0
0
0
0
0
0
0
0
1
0
8
0
0
0
2
0
0
0
194
0
0
0
0
0
0
0
0
0
0
0
0
0
0
0
80
0
0
0
0
0
0
0
41
0
0
0
0
0
0
0
2185
0
0
0
0
0
0
0
0
0
0
0
0
0
0
0
0
0
0
0
0
0
0
0
0
0
0
0
0
0
0
0
0
0
0
0
0
0
0
0
0
0
0
0
0
0
0
0
0
0
0
0
0
0
0
0
0
0
0
0
0
0
0
0
0
0
0
0
0
0
0
0
0
0
0
0
0
0
0
0
0
0
0
0
0
0
0
0
0
0
0
0
0
0
0
0
0
0
0
0
0
0
0
0
0
0
0
0
0
0
0
0
0
0
0
0
0
0
0
0
0
0
0
0
0
0
0
0
128091
