151
482
0
987
0
53
0
2906
0
63
0
145
0
119
0
9909
0
61
0
72
0
9
0
135
0
68
0
91
0
109
0
5974
0
0
0
0
0
3
0
60
0
0
0
2
0
10
0
120
0
0
0
24
0
5
0
92
0
0
0
63
0
158
0
2590
0
0
0
0
0
0
0
0
0
0
0
0
0
0
0
0
0
0
0
0
0
1
0
19
0
0
0
10
0
0
0
220
0
0
0
0
0
0
0
0
0
0
0
0
0
0
0
113
0
0
0
0
0
0
0
52
0
0
0
0
0
0
0
2499
0
0
0
0
0
0
0
0
0
0
0
0
0
0
0
0
0
0
0
0
0
0
0
0
0
0
0
0
0
0
0
0
0
0
0
0
0
0
0
0
0
0
0
0
0
0
0
0
0
0
0
0
0
0
0
0
0
0
0
0
0
0
0
0
0
0
0
0
0
0
0
0
0
0
0
0
0
0
0
0
0
0
0
0
0
0
0
0
0
0
0
0
0
0
0
0
0
0
0
0
0
0
0
0
0
0
0
0
0
0
0
0
0
0
0
0
0
0
0
0
0
0
0
0
0
0
0
131029
