308
717
0
1068
0
88
0
2856
0
104
0
94
0
140
0
7051
0
133
0
110
0
17
0
115
0
98
0
99
0
93
0
4473
0
0
0
0
0
6
0
98
0
0
0
2
0
5
0
88
0
0
0
43
0
4
0
82
0
0
0
82
0
82
0
1277
0
0
0
0
0
0
0
0
0
0
0
0
0
0
0
0
0
0
0
0
0
0
0
7
0
0
0
4
0
0
0
78
0
0
0
0
0
0
0
0
0
0
0
0
0
0
0
100
0
0
0
0
0
0
0
49
0
0
0
0
0
0
0
808
0
0
0
0
0
0
0
0
0
0
0
0
0
0
0
0
0
0
0
0
0
0
0
0
0
0
0
0
0
0
0
0
0
0
0
0
0
0
0
0
0
0
0
0
0
0
0
0
0
0
0
0
0
0
0
0
0
0
0
0
0
0
0
0
0
0
0
0
0
0
0
0
0
0
0
0
0
0
0
0
0
0
0
0
0
0
0
0
0
0
0
0
0
0
0
0
0
0
0
0
0
0
0
0
0
0
0
0
0
0
0
0
0
0
0
0
0
0
0
0
0
0
0
0
0
0
0
138025
