62
184
0
379
0
36
0
1442
0
24
0
37
0
41
0
4676
0
25
0
32
0
4
0
56
0
18
0
37
0
41
0
2474
0
0
0
0
0
4
0
31
0
0
0
8
0
1
0
59
0
0
0
8
0
6
0
30
0
0
0
32
0
55
0
981
0
0
0
0
0
0
0
0
0
0
0
0
0
0
0
0
0
0
0
0
0
0
0
8
0
0
0
4
0
0
0
95
0
0
0
0
0
0
0
0
0
0
0
0
0
0
0
35
0
0
0
0
0
0
0
21
0
0
0
0
0
0
0
934
0
0
0
0
0
0
0
0
0
0
0
0
0
0
0
0
0
0
0
0
0
0
0
0
0
0
0
0
0
0
0
0
0
0
0
0
0
0
0
0
0
0
0
0
0
0
0
0
0
0
0
0
0
0
0
0
0
0
0
0
0
0
0
0
0
0
0
0
0
0
0
0
0
0
0
0
0
0
0
0
0
0
0
0
0
0
0
0
0
0
0
0
0
0
0
0
0
0
0
0
0
0
0
0
0
0
0
0
0
0
0
0
0
0
0
0
0
0
0
0
0
0
0
0
0
0
0
146524
