169
355
0
669
0
71
0
1526
0
40
0
74
0
111
0
5147
0
33
0
38
0
16
0
61
0
49
0
56
0
78
0
2238
0
0
0
0
0
7
0
55
0
0
0
6
0
11
0
112
0
0
0
24
0
7
0
59
0
0
0
46
0
81
0
1007
0
0
0
0
0
0
0
0
0
0
0
0
0
0
0
0
0
0
0
0
0
2
0
6
0
0
0
4
0
0
0
118
0
0
0
0
0
0
0
0
0
0
0
0
0
0
0
59
0
0
0
0
0
0
0
39
0
0
0
0
0
0
0
820
0
0
0
0
0
0
0
0
0
0
0
0
0
0
0
0
0
0
0
0
0
0
0
0
0
0
0
0
0
0
0
0
0
0
0
0
0
0
0
0
0
0
0
0
0
0
0
0
0
0
0
0
0
0
0
0
0
0
0
0
0
0
0
0
0
0
0
0
0
0
0
0
0
0
0
0
0
0
0
0
0
0
0
0
0
0
0
0
0
0
0
0
0
0
0
0
0
0
0
0
0
0
0
0
0
0
0
0
0
0
0
0
0
0
0
0
0
0
0
0
0
0
0
0
0
0
0
145210
