727
1657
0
2445
0
209
0
4476
0
234
0
270
0
286
0
8563
0
122
0
202
0
12
0
203
0
215
0
238
0
226
0
4658
0
0
0
0
0
7
0
224
0
0
0
15
0
7
0
313
0
0
0
89
0
17
0
207
0
0
0
219
0
285
0
2553
0
0
0
0
0
0
0
0
0
0
0
0
0
0
0
0
0
0
0
0
0
0
0
15
0
0
0
12
0
0
0
204
0
0
0
0
0
0
0
0
0
0
0
0
0
0
0
218
0
0
0
0
0
0
0
81
0
0
0
0
0
0
0
2000
0
0
0
0
0
0
0
0
0
0
0
0
0
0
0
0
0
0
0
0
0
0
0
0
0
0
0
0
0
0
0
0
0
0
0
0
0
0
0
0
0
0
0
0
0
0
0
0
0
0
0
0
0
0
0
0
0
0
0
0
0
0
0
0
0
0
0
0
0
0
0
0
0
0
0
0
0
0
0
0
0
0
0
0
0
0
0
0
0
0
0
0
0
0
0
0
0
0
0
0
0
0
0
0
0
0
0
0
0
0
0
0
0
0
0
0
0
0
0
0
0
0
0
0
0
0
0
127195
