191
582
0
741
0
69
0
1751
0
141
0
168
0
131
0
7518
0
67
0
73
0
5
0
102
0
73
0
90
0
104
0
3801
0
0
0
0
0
7
0
62
0
0
0
5
0
12
0
95
0
0
0
19
0
3
0
57
0
0
0
41
0
102
0
1345
0
0
0
0
0
0
0
0
0
0
0
0
0
0
0
0
0
0
0
0
0
2
0
6
0
0
0
9
0
0
0
108
0
0
0
0
0
0
0
0
0
0
0
0
0
0
0
67
0
0
0
0
0
0
0
45
0
0
0
0
0
0
0
1164
0
0
0
0
0
0
0
0
0
0
0
0
0
0
0
0
0
0
0
0
0
0
0
0
0
0
0
0
0
0
0
0
0
0
0
0
0
0
0
0
0
0
0
0
0
0
0
0
0
0
0
0
0
0
0
0
0
0
0
0
0
0
0
0
0
0
0
0
0
0
0
0
0
0
0
0
0
0
0
0
0
0
0
0
0
0
0
0
0
0
0
0
0
0
0
0
0
0
0
0
0
0
0
0
0
0
0
0
0
0
0
0
0
0
0
0
0
0
0
0
0
0
0
0
0
0
0
139648
