249
568
0
478
0
64
0
1659
0
91
0
91
0
79
0
5350
0
140
0
48
0
6
0
75
0
86
0
79
0
93
0
2652
0
0
0
0
0
5
0
54
0
0
0
4
0
2
0
67
0
0
0
17
0
3
0
54
0
0
0
48
0
80
0
706
0
0
0
0
0
0
0
0
0
0
0
0
0
0
0
0
0
0
0
0
0
0
0
7
0
0
0
6
0
0
0
55
0
0
0
0
0
0
0
0
0
0
0
0
0
0
0
67
0
0
0
0
0
0
0
39
0
0
0
0
0
0
0
669
0
0
0
0
0
0
0
0
0
0
0
0
0
0
0
0
0
0
0
0
0
0
0
0
0
0
0
0
0
0
0
0
0
0
0
0
0
0
0
0
0
0
0
0
0
0
0
0
0
0
0
0
0
0
0
0
0
0
0
0
0
0
0
0
0
0
0
0
0
0
0
0
0
0
0
0
0
0
0
0
0
0
0
0
0
0
0
0
0
0
0
0
0
0
0
0
0
0
0
0
0
0
0
0
0
0
0
0
0
0
0
0
0
0
0
0
0
0
0
0
0
0
0
0
0
0
0
144713
