103
348
0
486
0
41
0
1705
0
76
0
69
0
87
0
8334
0
50
0
42
0
7
0
45
0
34
0
35
0
47
0
3743
0
0
0
0
0
4
0
27
0
0
0
4
0
5
0
52
0
0
0
7
0
3
0
26
0
0
0
24
0
91
0
1173
0
0
0
0
0
0
0
0
0
0
0
0
0
0
0
0
0
0
0
0
0
1
0
9
0
0
0
5
0
0
0
100
0
0
0
0
0
0
0
0
0
0
0
0
0
0
0
51
0
0
0
0
0
0
0
36
0
0
0
0
0
0
0
1041
0
0
0
0
0
0
0
0
0
0
0
0
0
0
0
0
0
0
0
0
0
0
0
0
0
0
0
0
0
0
0
0
0
0
0
0
0
0
0
0
0
0
0
0
0
0
0
0
0
0
0
0
0
0
0
0
0
0
0
0
0
0
0
0
0
0
0
0
0
0
0
0
0
0
0
0
0
0
0
0
0
0
0
0
0
0
0
0
0
0
0
0
0
0
0
0
0
0
0
0
0
0
0
0
0
0
0
0
0
0
0
0
0
0
0
0
0
0
0
0
0
0
0
0
0
0
0
140493
