222
717
0
1372
0
75
0
3883
0
81
0
142
0
131
0
12749
0
77
0
95
0
20
0
146
0
91
0
97
0
169
0
7036
0
0
0
0
0
3
0
86
0
0
0
7
0
4
0
135
0
0
0
41
0
3
0
75
0
0
0
90
0
173
0
2635
0
0
0
0
0
0
0
0
0
0
0
0
0
0
0
0
0
0
0
0
0
0
0
16
0
0
0
6
0
0
0
166
0
0
0
0
0
0
0
0
0
0
0
0
0
0
0
105
0
0
0
0
0
0
0
75
0
0
0
0
0
0
0
2009
0
0
0
0
0
0
0
0
0
0
0
0
0
0
0
0
0
0
0
0
0
0
0
0
0
0
0
0
0
0
0
0
0
0
0
0
0
0
0
0
0
0
0
0
0
0
0
0
0
0
0
0
0
0
0
0
0
0
0
0
0
0
0
0
0
0
0
0
0
0
0
0
0
0
0
0
0
0
0
0
0
0
0
0
0
0
0
0
0
0
0
0
0
0
0
0
0
0
0
0
0
0
0
0
0
0
0
0
0
0
0
0
0
0
0
0
0
0
0
0
0
0
0
0
0
0
0
125672
