204
665
0
830
0
149
0
2322
0
152
0
132
0
156
0
8755
0
87
0
90
0
53
0
192
0
111
0
86
0
211
0
7258
0
0
0
0
0
45
0
94
0
0
0
30
0
25
0
214
0
0
0
27
0
25
0
81
0
0
0
82
0
203
0
2944
0
0
0
0
0
0
0
0
0
0
0
0
0
0
0
0
0
0
0
0
0
2
0
42
0
0
0
17
0
0
0
370
0
0
0
0
0
0
0
0
0
0
0
0
0
0
0
131
0
0
0
0
0
0
0
68
0
0
0
0
0
0
0
2858
0
0
0
0
0
0
0
0
0
0
0
0
0
0
0
0
0
0
0
0
0
0
0
0
0
0
0
0
0
0
0
0
0
0
0
0
0
0
0
0
0
0
0
0
0
0
0
0
0
0
0
0
0
0
0
0
0
0
0
0
0
0
0
0
0
0
0
0
0
0
0
0
0
0
0
0
0
0
0
0
0
0
0
0
0
0
0
0
0
0
0
0
0
0
0
0
0
0
0
0
0
0
0
0
0
0
0
0
0
0
0
0
0
0
0
0
0
0
0
0
0
0
0
0
0
0
0
129693
