379
889
0
1829
0
151
0
4973
0
111
0
194
0
185
0
12510
0
136
0
147
0
21
0
271
0
180
0
184
0
255
0
10629
0
0
0
0
0
10
0
161
0
0
0
9
0
7
0
232
0
0
0
81
0
14
0
186
0
0
0
153
0
251
0
4907
0
0
0
0
0
0
0
0
0
0
0
0
0
0
0
0
0
0
0
0
0
1
0
24
0
0
0
11
0
0
0
306
0
0
0
0
0
0
0
0
0
0
0
0
0
0
0
125
0
0
0
0
0
0
0
101
0
0
0
0
0
0
0
3420
0
0
0
0
0
0
0
0
0
0
0
0
0
0
0
0
0
0
0
0
0
0
0
0
0
0
0
0
0
0
0
0
0
0
0
0
0
0
0
0
0
0
0
0
0
0
0
0
0
0
0
0
0
0
0
0
0
0
0
0
0
0
0
0
0
0
0
0
0
0
0
0
0
0
0
0
0
0
0
0
0
0
0
0
0
0
0
0
0
0
0
0
0
0
0
0
0
0
0
0
0
0
0
0
0
0
0
0
0
0
0
0
0
0
0
0
0
0
0
0
0
0
0
0
0
0
0
115361
