232
671
0
995
0
82
0
2167
0
104
0
168
0
107
0
7492
0
80
0
75
0
6
0
82
0
56
0
102
0
82
0
3554
0
0
0
0
0
3
0
49
0
0
0
4
0
9
0
81
0
0
0
32
0
2
0
59
0
0
0
57
0
112
0
1496
0
0
0
0
0
0
0
0
0
0
0
0
0
0
0
0
0
0
0
0
0
0
0
5
0
0
0
4
0
0
0
90
0
0
0
0
0
0
0
0
0
0
0
0
0
0
0
64
0
0
0
0
0
0
0
25
0
0
0
0
0
0
0
942
0
0
0
0
0
0
0
0
0
0
0
0
0
0
0
0
0
0
0
0
0
0
0
0
0
0
0
0
0
0
0
0
0
0
0
0
0
0
0
0
0
0
0
0
0
0
0
0
0
0
0
0
0
0
0
0
0
0
0
0
0
0
0
0
0
0
0
0
0
0
0
0
0
0
0
0
0
0
0
0
0
0
0
0
0
0
0
0
0
0
0
0
0
0
0
0
0
0
0
0
0
0
0
0
0
0
0
0
0
0
0
0
0
0
0
0
0
0
0
0
0
0
0
0
0
0
0
139315
