511
1080
0
1392
0
200
0
2460
0
215
0
242
0
345
0
6466
0
85
0
170
0
21
0
197
0
149
0
200
0
175
0
3588
0
0
0
0
0
21
0
173
0
0
0
27
0
28
0
332
0
0
0
70
0
12
0
143
0
0
0
163
0
229
0
2241
0
0
0
0
0
0
0
0
0
0
0
0
0
0
0
0
0
0
0
0
0
1
0
12
0
0
0
20
0
0
0
289
0
0
0
0
0
0
0
0
0
0
0
0
0
0
0
216
0
0
0
0
0
0
0
101
0
0
0
0
0
0
0
2185
0
0
0
0
0
0
0
0
0
0
0
0
0
0
0
0
0
0
0
0
0
0
0
0
0
0
0
0
0
0
0
0
0
0
0
0
0
0
0
0
0
0
0
0
0
0
0
0
0
0
0
0
0
0
0
0
0
0
0
0
0
0
0
0
0
0
0
0
0
0
0
0
0
0
0
0
0
0
0
0
0
0
0
0
0
0
0
0
0
0
0
0
0
0
0
0
0
0
0
0
0
0
0
0
0
0
0
0
0
0
0
0
0
0
0
0
0
0
0
0
0
0
0
0
0
0
0
134645
