428
1452
0
2004
0
175
0
5447
0
289
0
391
0
361
0
20066
0
235
0
235
0
29
0
361
0
221
0
271
0
333
0
14625
0
0
0
0
0
16
0
200
0
0
0
17
0
26
0
399
0
0
0
72
0
20
0
216
0
0
0
182
0
418
0
6427
0
0
0
0
0
0
0
0
0
0
0
0
0
0
0
0
0
0
0
0
0
1
0
16
0
0
0
28
0
0
0
462
0
0
0
0
0
0
0
0
0
0
0
0
0
0
0
294
0
0
0
0
0
0
0
150
0
0
0
0
0
0
0
5228
0
0
0
0
0
0
0
0
0
0
0
0
0
0
0
0
0
0
0
0
0
0
0
0
0
0
0
0
0
0
0
0
0
0
0
0
0
0
0
0
0
0
0
0
0
0
0
0
0
0
0
0
0
0
0
0
0
0
0
0
0
0
0
0
0
0
0
0
0
0
0
0
0
0
0
0
0
0
0
0
0
0
0
0
0
0
0
0
0
0
0
0
0
0
0
0
0
0
0
0
0
0
0
0
0
0
0
0
0
0
0
0
0
0
0
0
0
0
0
0
0
0
0
0
0
0
0
97309
