206
484
0
949
0
66
0
1749
0
71
0
122
0
123
0
4939
0
36
0
48
0
0
0
73
0
49
0
74
0
77
0
2035
0
0
0
0
0
9
0
66
0
0
0
4
0
11
0
113
0
0
0
21
0
6
0
55
0
0
0
54
0
88
0
1000
0
0
0
0
0
0
0
0
0
0
0
0
0
0
0
0
0
0
0
0
0
1
0
3
0
0
0
6
0
0
0
79
0
0
0
0
0
0
0
0
0
0
0
0
0
0
0
50
0
0
0
0
0
0
0
20
0
0
0
0
0
0
0
572
0
0
0
0
0
0
0
0
0
0
0
0
0
0
0
0
0
0
0
0
0
0
0
0
0
0
0
0
0
0
0
0
0
0
0
0
0
0
0
0
0
0
0
0
0
0
0
0
0
0
0
0
0
0
0
0
0
0
0
0
0
0
0
0
0
0
0
0
0
0
0
0
0
0
0
0
0
0
0
0
0
0
0
0
0
0
0
0
0
0
0
0
0
0
0
0
0
0
0
0
0
0
0
0
0
0
0
0
0
0
0
0
0
0
0
0
0
0
0
0
0
0
0
0
0
0
0
145145
