288
517
0
510
0
82
0
954
0
111
0
97
0
155
0
2430
0
50
0
64
0
5
0
48
0
56
0
92
0
50
0
1247
0
0
0
0
0
6
0
76
0
0
0
9
0
10
0
105
0
0
0
25
0
3
0
53
0
0
0
62
0
55
0
517
0
0
0
0
0
0
0
0
0
0
0
0
0
0
0
0
0
0
0
0
0
0
0
7
0
0
0
10
0
0
0
72
0
0
0
0
0
0
0
0
0
0
0
0
0
0
0
63
0
0
0
0
0
0
0
30
0
0
0
0
0
0
0
456
0
0
0
0
0
0
0
0
0
0
0
0
0
0
0
0
0
0
0
0
0
0
0
0
0
0
0
0
0
0
0
0
0
0
0
0
0
0
0
0
0
0
0
0
0
0
0
0
0
0
0
0
0
0
0
0
0
0
0
0
0
0
0
0
0
0
0
0
0
0
0
0
0
0
0
0
0
0
0
0
0
0
0
0
0
0
0
0
0
0
0
0
0
0
0
0
0
0
0
0
0
0
0
0
0
0
0
0
0
0
0
0
0
0
0
0
0
0
0
0
0
0
0
0
0
0
0
150089
