175
577
0
863
0
73
0
2073
0
73
0
64
0
115
0
6460
0
67
0
89
0
5
0
82
0
94
0
74
0
98
0
3723
0
0
0
0
0
2
0
48
0
0
0
7
0
3
0
105
0
0
0
20
0
5
0
59
0
0
0
54
0
84
0
1406
0
0
0
0
0
0
0
0
0
0
0
0
0
0
0
0
0
0
0
0
0
0
0
4
0
0
0
5
0
0
0
92
0
0
0
0
0
0
0
0
0
0
0
0
0
0
0
63
0
0
0
0
0
0
0
33
0
0
0
0
0
0
0
1018
0
0
0
0
0
0
0
0
0
0
0
0
0
0
0
0
0
0
0
0
0
0
0
0
0
0
0
0
0
0
0
0
0
0
0
0
0
0
0
0
0
0
0
0
0
0
0
0
0
0
0
0
0
0
0
0
0
0
0
0
0
0
0
0
0
0
0
0
0
0
0
0
0
0
0
0
0
0
0
0
0
0
0
0
0
0
0
0
0
0
0
0
0
0
0
0
0
0
0
0
0
0
0
0
0
0
0
0
0
0
0
0
0
0
0
0
0
0
0
0
0
0
0
0
0
0
0
140691
