467
1078
0
1222
0
129
0
2066
0
141
0
201
0
182
0
5529
0
108
0
136
0
9
0
122
0
100
0
145
0
128
0
3175
0
0
0
0
0
10
0
111
0
0
0
8
0
16
0
185
0
0
0
59
0
8
0
114
0
0
0
124
0
170
0
1955
0
0
0
0
0
0
0
0
0
0
0
0
0
0
0
0
0
0
0
0
0
0
0
8
0
0
0
14
0
0
0
149
0
0
0
0
0
0
0
0
0
0
0
0
0
0
0
150
0
0
0
0
0
0
0
65
0
0
0
0
0
0
0
1821
0
0
0
0
0
0
0
0
0
0
0
0
0
0
0
0
0
0
0
0
0
0
0
0
0
0
0
0
0
0
0
0
0
0
0
0
0
0
0
0
0
0
0
0
0
0
0
0
0
0
0
0
0
0
0
0
0
0
0
0
0
0
0
0
0
0
0
0
0
0
0
0
0
0
0
0
0
0
0
0
0
0
0
0
0
0
0
0
0
0
0
0
0
0
0
0
0
0
0
0
0
0
0
0
0
0
0
0
0
0
0
0
0
0
0
0
0
0
0
0
0
0
0
0
0
0
0
138499
