134
349
0
441
0
45
0
1344
0
37
0
65
0
56
0
3488
0
71
0
49
0
8
0
83
0
52
0
36
0
63
0
2121
0
0
0
0
0
4
0
45
0
0
0
3
0
2
0
48
0
0
0
14
0
3
0
38
0
0
0
37
0
61
0
829
0
0
0
0
0
0
0
0
0
0
0
0
0
0
0
0
0
0
0
0
0
1
0
12
0
0
0
3
0
0
0
80
0
0
0
0
0
0
0
0
0
0
0
0
0
0
0
35
0
0
0
0
0
0
0
34
0
0
0
0
0
0
0
877
0
0
0
0
0
0
0
0
0
0
0
0
0
0
0
0
0
0
0
0
0
0
0
0
0
0
0
0
0
0
0
0
0
0
0
0
0
0
0
0
0
0
0
0
0
0
0
0
0
0
0
0
0
0
0
0
0
0
0
0
0
0
0
0
0
0
0
0
0
0
0
0
0
0
0
0
0
0
0
0
0
0
0
0
0
0
0
0
0
0
0
0
0
0
0
0
0
0
0
0
0
0
0
0
0
0
0
0
0
0
0
0
0
0
0
0
0
0
0
0
0
0
0
0
0
0
0
147836
