318
636
0
1267
0
76
0
3114
0
53
0
94
0
97
0
5363
0
52
0
86
0
6
0
74
0
73
0
102
0
82
0
2428
0
0
0
0
0
1
0
108
0
0
0
2
0
2
0
113
0
0
0
51
0
2
0
89
0
0
0
80
0
145
0
1173
0
0
0
0
0
0
0
0
0
0
0
0
0
0
0
0
0
0
0
0
0
0
0
7
0
0
0
4
0
0
0
96
0
0
0
0
0
0
0
0
0
0
0
0
0
0
0
87
0
0
0
0
0
0
0
79
0
0
0
0
0
0
0
768
0
0
0
0
0
0
0
0
0
0
0
0
0
0
0
0
0
0
0
0
0
0
0
0
0
0
0
0
0
0
0
0
0
0
0
0
0
0
0
0
0
0
0
0
0
0
0
0
0
0
0
0
0
0
0
0
0
0
0
0
0
0
0
0
0
0
0
0
0
0
0
0
0
0
0
0
0
0
0
0
0
0
0
0
0
0
0
0
0
0
0
0
0
0
0
0
0
0
0
0
0
0
0
0
0
0
0
0
0
0
0
0
0
0
0
0
0
0
0
0
0
0
0
0
0
0
0
141676
