246
631
0
742
0
70
0
1721
0
86
0
110
0
100
0
4892
0
113
0
101
0
13
0
104
0
95
0
74
0
92
0
3039
0
0
0
0
0
4
0
64
0
0
0
8
0
5
0
118
0
0
0
27
0
4
0
67
0
0
0
77
0
106
0
1304
0
0
0
0
0
0
0
0
0
0
0
0
0
0
0
0
0
0
0
0
0
1
0
5
0
0
0
8
0
0
0
96
0
0
0
0
0
0
0
0
0
0
0
0
0
0
0
97
0
0
0
0
0
0
0
55
0
0
0
0
0
0
0
1104
0
0
0
0
0
0
0
0
0
0
0
0
0
0
0
0
0
0
0
0
0
0
0
0
0
0
0
0
0
0
0
0
0
0
0
0
0
0
0
0
0
0
0
0
0
0
0
0
0
0
0
0
0
0
0
0
0
0
0
0
0
0
0
0
0
0
0
0
0
0
0
0
0
0
0
0
0
0
0
0
0
0
0
0
0
0
0
0
0
0
0
0
0
0
0
0
0
0
0
0
0
0
0
0
0
0
0
0
0
0
0
0
0
0
0
0
0
0
0
0
0
0
0
0
0
0
0
143025
