109
345
0
754
0
52
0
2265
0
40
0
73
0
97
0
7269
0
34
0
38
0
4
0
83
0
48
0
70
0
77
0
4352
0
0
0
0
0
2
0
53
0
0
0
2
0
5
0
86
0
0
0
21
0
3
0
49
0
0
0
38
0
67
0
1615
0
0
0
0
0
0
0
0
0
0
0
0
0
0
0
0
0
0
0
0
0
0
0
2
0
0
0
4
0
0
0
103
0
0
0
0
0
0
0
0
0
0
0
0
0
0
0
59
0
0
0
0
0
0
0
38
0
0
0
0
0
0
0
1411
0
0
0
0
0
0
0
0
0
0
0
0
0
0
0
0
0
0
0
0
0
0
0
0
0
0
0
0
0
0
0
0
0
0
0
0
0
0
0
0
0
0
0
0
0
0
0
0
0
0
0
0
0
0
0
0
0
0
0
0
0
0
0
0
0
0
0
0
0
0
0
0
0
0
0
0
0
0
0
0
0
0
0
0
0
0
0
0
0
0
0
0
0
0
0
0
0
0
0
0
0
0
0
0
0
0
0
0
0
0
0
0
0
0
0
0
0
0
0
0
0
0
0
0
0
0
0
139136
