164
518
0
1111
0
47
0
4004
0
74
0
119
0
95
0
13126
0
63
0
66
0
2
0
139
0
67
0
91
0
125
0
7500
0
0
0
0
0
4
0
73
0
0
0
1
0
5
0
103
0
0
0
24
0
6
0
51
0
0
0
62
0
131
0
2811
0
0
0
0
0
0
0
0
0
0
0
0
0
0
0
0
0
0
0
0
0
0
0
9
0
0
0
7
0
0
0
158
0
0
0
0
0
0
0
0
0
0
0
0
0
0
0
79
0
0
0
0
0
0
0
41
0
0
0
0
0
0
0
2274
0
0
0
0
0
0
0
0
0
0
0
0
0
0
0
0
0
0
0
0
0
0
0
0
0
0
0
0
0
0
0
0
0
0
0
0
0
0
0
0
0
0
0
0
0
0
0
0
0
0
0
0
0
0
0
0
0
0
0
0
0
0
0
0
0
0
0
0
0
0
0
0
0
0
0
0
0
0
0
0
0
0
0
0
0
0
0
0
0
0
0
0
0
0
0
0
0
0
0
0
0
0
0
0
0
0
0
0
0
0
0
0
0
0
0
0
0
0
0
0
0
0
0
0
0
0
0
125254
