466
1070
0
1264
0
134
0
2057
0
117
0
183
0
160
0
5067
0
89
0
134
0
10
0
175
0
143
0
131
0
146
0
3159
0
0
0
0
0
5
0
113
0
0
0
13
0
17
0
192
0
0
0
53
0
8
0
122
0
0
0
116
0
144
0
1585
0
0
0
0
0
0
0
0
0
0
0
0
0
0
0
0
0
0
0
0
0
0
0
10
0
0
0
7
0
0
0
186
0
0
0
0
0
0
0
0
0
0
0
0
0
0
0
164
0
0
0
0
0
0
0
75
0
0
0
0
0
0
0
1785
0
0
0
0
0
0
0
0
0
0
0
0
0
0
0
0
0
0
0
0
0
0
0
0
0
0
0
0
0
0
0
0
0
0
0
0
0
0
0
0
0
0
0
0
0
0
0
0
0
0
0
0
0
0
0
0
0
0
0
0
0
0
0
0
0
0
0
0
0
0
0
0
0
0
0
0
0
0
0
0
0
0
0
0
0
0
0
0
0
0
0
0
0
0
0
0
0
0
0
0
0
0
0
0
0
0
0
0
0
0
0
0
0
0
0
0
0
0
0
0
0
0
0
0
0
0
0
139304
