316
766
0
1352
0
105
0
4025
0
175
0
171
0
307
0
16797
0
77
0
102
0
17
0
185
0
137
0
133
0
199
0
8767
0
0
0
0
0
8
0
129
0
0
0
12
0
17
0
275
0
0
0
74
0
11
0
129
0
0
0
127
0
217
0
3897
0
0
0
0
0
0
0
0
0
0
0
0
0
0
0
0
0
0
0
0
0
0
0
12
0
0
0
16
0
0
0
339
0
0
0
0
0
0
0
0
0
0
0
0
0
0
0
188
0
0
0
0
0
0
0
83
0
0
0
0
0
0
0
3157
0
0
0
0
0
0
0
0
0
0
0
0
0
0
0
0
0
0
0
0
0
0
0
0
0
0
0
0
0
0
0
0
0
0
0
0
0
0
0
0
0
0
0
0
0
0
0
0
0
0
0
0
0
0
0
0
0
0
0
0
0
0
0
0
0
0
0
0
0
0
0
0
0
0
0
0
0
0
0
0
0
0
0
0
0
0
0
0
0
0
0
0
0
0
0
0
0
0
0
0
0
0
0
0
0
0
0
0
0
0
0
0
0
0
0
0
0
0
0
0
0
0
0
0
0
0
0
116082
