267
701
0
756
0
93
0
1863
0
99
0
133
0
129
0
6303
0
135
0
113
0
24
0
157
0
139
0
92
0
167
0
4972
0
0
0
0
0
8
0
77
0
0
0
6
0
12
0
142
0
0
0
46
0
12
0
69
0
0
0
97
0
116
0
2453
0
0
0
0
0
0
0
0
0
0
0
0
0
0
0
0
0
0
0
0
0
1
0
18
0
0
0
8
0
0
0
290
0
0
0
0
0
0
0
0
0
0
0
0
0
0
0
99
0
0
0
0
0
0
0
63
0
0
0
0
0
0
0
2885
0
0
0
0
0
0
0
0
0
0
0
0
0
0
0
0
0
0
0
0
0
0
0
0
0
0
0
0
0
0
0
0
0
0
0
0
0
0
0
0
0
0
0
0
0
0
0
0
0
0
0
0
0
0
0
0
0
0
0
0
0
0
0
0
0
0
0
0
0
0
0
0
0
0
0
0
0
0
0
0
0
0
0
0
0
0
0
0
0
0
0
0
0
0
0
0
0
0
0
0
0
0
0
0
0
0
0
0
0
0
0
0
0
0
0
0
0
0
0
0
0
0
0
0
0
0
0
135859
