1401
3716
0
5172
0
461
0
8293
0
466
0
676
0
749
0
18720
0
270
0
431
0
35
0
500
0
482
0
506
0
588
0
9560
0
0
0
0
0
12
0
478
0
0
0
21
0
31
0
719
0
0
0
213
0
12
0
379
0
0
0
430
0
749
0
5874
0
0
0
0
0
0
0
0
0
0
0
0
0
0
0
0
0
0
0
0
0
0
0
20
0
0
0
17
0
0
0
492
0
0
0
0
0
0
0
0
0
0
0
0
0
0
0
466
0
0
0
0
0
0
0
185
0
0
0
0
0
0
0
4878
0
0
0
0
0
0
0
0
0
0
0
0
0
0
0
0
0
0
0
0
0
0
0
0
0
0
0
0
0
0
0
0
0
0
0
0
0
0
0
0
0
0
0
0
0
0
0
0
0
0
0
0
0
0
0
0
0
0
0
0
0
0
0
0
0
0
0
0
0
0
0
0
0
0
0
0
0
0
0
0
0
0
0
0
0
0
0
0
0
0
0
0
0
0
0
0
0
0
0
0
0
0
0
0
0
0
0
0
0
0
0
0
0
0
0
0
0
0
0
0
0
0
0
0
0
0
0
91402
