513
1339
0
1584
0
169
0
3129
0
144
0
226
0
204
0
7400
0
286
0
191
0
29
0
234
0
203
0
171
0
234
0
5506
0
0
0
0
0
12
0
161
0
0
0
14
0
17
0
204
0
0
0
70
0
20
0
149
0
0
0
159
0
235
0
2501
0
0
0
0
0
0
0
0
0
0
0
0
0
0
0
0
0
0
0
0
0
0
0
12
0
0
0
9
0
0
0
228
0
0
0
0
0
0
0
0
0
0
0
0
0
0
0
179
0
0
0
0
0
0
0
157
0
0
0
0
0
0
0
2363
0
0
0
0
0
0
0
0
0
0
0
0
0
0
0
0
0
0
0
0
0
0
0
0
0
0
0
0
0
0
0
0
0
0
0
0
0
0
0
0
0
0
0
0
0
0
0
0
0
0
0
0
0
0
0
0
0
0
0
0
0
0
0
0
0
0
0
0
0
0
0
0
0
0
0
0
0
0
0
0
0
0
0
0
0
0
0
0
0
0
0
0
0
0
0
0
0
0
0
0
0
0
0
0
0
0
0
0
0
0
0
0
0
0
0
0
0
0
0
0
0
0
0
0
0
0
0
130352
