89
313
0
499
0
43
0
1473
0
66
0
64
0
84
0
5766
0
28
0
35
0
12
0
63
0
22
0
42
0
62
0
2504
0
0
0
0
0
9
0
30
0
0
0
5
0
8
0
76
0
0
0
14
0
6
0
38
0
0
0
38
0
63
0
885
0
0
0
0
0
0
0
0
0
0
0
0
0
0
0
0
0
0
0
0
0
1
0
15
0
0
0
8
0
0
0
86
0
0
0
0
0
0
0
0
0
0
0
0
0
0
0
44
0
0
0
0
0
0
0
20
0
0
0
0
0
0
0
754
0
0
0
0
0
0
0
0
0
0
0
0
0
0
0
0
0
0
0
0
0
0
0
0
0
0
0
0
0
0
0
0
0
0
0
0
0
0
0
0
0
0
0
0
0
0
0
0
0
0
0
0
0
0
0
0
0
0
0
0
0
0
0
0
0
0
0
0
0
0
0
0
0
0
0
0
0
0
0
0
0
0
0
0
0
0
0
0
0
0
0
0
0
0
0
0
0
0
0
0
0
0
0
0
0
0
0
0
0
0
0
0
0
0
0
0
0
0
0
0
0
0
0
0
0
0
0
145139
