119
361
0
662
0
44
0
2540
0
46
0
82
0
96
0
10113
0
49
0
41
0
8
0
132
0
54
0
66
0
145
0
8615
0
0
0
0
0
3
0
68
0
0
0
5
0
5
0
128
0
0
0
21
0
4
0
55
0
0
0
45
0
145
0
3549
0
0
0
0
0
0
0
0
0
0
0
0
0
0
0
0
0
0
0
0
0
1
0
17
0
0
0
2
0
0
0
242
0
0
0
0
0
0
0
0
0
0
0
0
0
0
0
58
0
0
0
0
0
0
0
56
0
0
0
0
0
0
0
3063
0
0
0
0
0
0
0
0
0
0
0
0
0
0
0
0
0
0
0
0
0
0
0
0
0
0
0
0
0
0
0
0
0
0
0
0
0
0
0
0
0
0
0
0
0
0
0
0
0
0
0
0
0
0
0
0
0
0
0
0
0
0
0
0
0
0
0
0
0
0
0
0
0
0
0
0
0
0
0
0
0
0
0
0
0
0
0
0
0
0
0
0
0
0
0
0
0
0
0
0
0
0
0
0
0
0
0
0
0
0
0
0
0
0
0
0
0
0
0
0
0
0
0
0
0
0
0
127764
