247
960
0
1146
0
85
0
2513
0
147
0
186
0
228
0
10876
0
178
0
141
0
19
0
210
0
146
0
145
0
231
0
6761
0
0
0
0
0
3
0
101
0
0
0
1
0
6
0
261
0
0
0
50
0
7
0
125
0
0
0
142
0
193
0
2851
0
0
0
0
0
0
0
0
0
0
0
0
0
0
0
0
0
0
0
0
0
2
0
18
0
0
0
5
0
0
0
271
0
0
0
0
0
0
0
0
0
0
0
0
0
0
0
153
0
0
0
0
0
0
0
69
0
0
0
0
0
0
0
2890
0
0
0
0
0
0
0
0
0
0
0
0
0
0
0
0
0
0
0
0
0
0
0
0
0
0
0
0
0
0
0
0
0
0
0
0
0
0
0
0
0
0
0
0
0
0
0
0
0
0
0
0
0
0
0
0
0
0
0
0
0
0
0
0
0
0
0
0
0
0
0
0
0
0
0
0
0
0
0
0
0
0
0
0
0
0
0
0
0
0
0
0
0
0
0
0
0
0
0
0
0
0
0
0
0
0
0
0
0
0
0
0
0
0
0
0
0
0
0
0
0
0
0
0
0
0
0
127037
