411
891
0
1465
0
130
0
3261
0
111
0
178
0
183
0
7413
0
97
0
148
0
7
0
192
0
150
0
178
0
196
0
5592
0
0
0
0
0
11
0
146
0
0
0
10
0
8
0
210
0
0
0
69
0
13
0
142
0
0
0
166
0
209
0
3035
0
0
0
0
0
0
0
0
0
0
0
0
0
0
0
0
0
0
0
0
0
0
0
13
0
0
0
7
0
0
0
215
0
0
0
0
0
0
0
0
0
0
0
0
0
0
0
145
0
0
0
0
0
0
0
77
0
0
0
0
0
0
0
2040
0
0
0
0
0
0
0
0
0
0
0
0
0
0
0
0
0
0
0
0
0
0
0
0
0
0
0
0
0
0
0
0
0
0
0
0
0
0
0
0
0
0
0
0
0
0
0
0
0
0
0
0
0
0
0
0
0
0
0
0
0
0
0
0
0
0
0
0
0
0
0
0
0
0
0
0
0
0
0
0
0
0
0
0
0
0
0
0
0
0
0
0
0
0
0
0
0
0
0
0
0
0
0
0
0
0
0
0
0
0
0
0
0
0
0
0
0
0
0
0
0
0
0
0
0
0
0
131285
