341
1139
0
1930
0
150
0
4731
0
182
0
263
0
281
0
16182
0
130
0
149
0
13
0
215
0
167
0
160
0
226
0
7792
0
0
0
0
0
8
0
150
0
0
0
6
0
10
0
314
0
0
0
57
0
10
0
120
0
0
0
141
0
245
0
3156
0
0
0
0
0
0
0
0
0
0
0
0
0
0
0
0
0
0
0
0
0
1
0
14
0
0
0
5
0
0
0
268
0
0
0
0
0
0
0
0
0
0
0
0
0
0
0
183
0
0
0
0
0
0
0
80
0
0
0
0
0
0
0
2499
0
0
0
0
0
0
0
0
0
0
0
0
0
0
0
0
0
0
0
0
0
0
0
0
0
0
0
0
0
0
0
0
0
0
0
0
0
0
0
0
0
0
0
0
0
0
0
0
0
0
0
0
0
0
0
0
0
0
0
0
0
0
0
0
0
0
0
0
0
0
0
0
0
0
0
0
0
0
0
0
0
0
0
0
0
0
0
0
0
0
0
0
0
0
0
0
0
0
0
0
0
0
0
0
0
0
0
0
0
0
0
0
0
0
0
0
0
0
0
0
0
0
0
0
0
0
0
117086
