1049
2161
0
2402
0
333
0
3388
0
328
0
402
0
389
0
6075
0
178
0
326
0
31
0
304
0
286
0
332
0
314
0
3866
0
0
0
0
0
20
0
323
0
0
0
25
0
27
0
378
0
0
0
142
0
30
0
278
0
0
0
288
0
359
0
2843
0
0
0
0
0
0
0
0
0
0
0
0
0
0
0
0
0
0
0
0
0
0
0
20
0
0
0
26
0
0
0
289
0
0
0
0
0
0
0
0
0
0
0
0
0
0
0
291
0
0
0
0
0
0
0
148
0
0
0
0
0
0
0
2440
0
0
0
0
0
0
0
0
0
0
0
0
0
0
0
0
0
0
0
0
0
0
0
0
0
0
0
0
0
0
0
0
0
0
0
0
0
0
0
0
0
0
0
0
0
0
0
0
0
0
0
0
0
0
0
0
0
0
0
0
0
0
0
0
0
0
0
0
0
0
0
0
0
0
0
0
0
0
0
0
0
0
0
0
0
0
0
0
0
0
0
0
0
0
0
0
0
0
0
0
0
0
0
0
0
0
0
0
0
0
0
0
0
0
0
0
0
0
0
0
0
0
0
0
0
0
0
128313
