251
463
0
483
0
74
0
1005
0
129
0
77
0
175
0
2784
0
36
0
71
0
7
0
56
0
64
0
69
0
60
0
1224
0
0
0
0
0
7
0
66
0
0
0
6
0
5
0
84
0
0
0
31
0
3
0
56
0
0
0
62
0
46
0
564
0
0
0
0
0
0
0
0
0
0
0
0
0
0
0
0
0
0
0
0
0
0
0
3
0
0
0
10
0
0
0
67
0
0
0
0
0
0
0
0
0
0
0
0
0
0
0
55
0
0
0
0
0
0
0
20
0
0
0
0
0
0
0
404
0
0
0
0
0
0
0
0
0
0
0
0
0
0
0
0
0
0
0
0
0
0
0
0
0
0
0
0
0
0
0
0
0
0
0
0
0
0
0
0
0
0
0
0
0
0
0
0
0
0
0
0
0
0
0
0
0
0
0
0
0
0
0
0
0
0
0
0
0
0
0
0
0
0
0
0
0
0
0
0
0
0
0
0
0
0
0
0
0
0
0
0
0
0
0
0
0
0
0
0
0
0
0
0
0
0
0
0
0
0
0
0
0
0
0
0
0
0
0
0
0
0
0
0
0
0
0
149887
