202
468
0
661
0
56
0
1601
0
55
0
92
0
102
0
5603
0
81
0
82
0
7
0
95
0
82
0
80
0
128
0
4684
0
0
0
0
0
1
0
53
0
0
0
3
0
2
0
91
0
0
0
30
0
7
0
49
0
0
0
82
0
84
0
2451
0
0
0
0
0
0
0
0
0
0
0
0
0
0
0
0
0
0
0
0
0
1
0
6
0
0
0
2
0
0
0
157
0
0
0
0
0
0
0
0
0
0
0
0
0
0
0
63
0
0
0
0
0
0
0
46
0
0
0
0
0
0
0
1938
0
0
0
0
0
0
0
0
0
0
0
0
0
0
0
0
0
0
0
0
0
0
0
0
0
0
0
0
0
0
0
0
0
0
0
0
0
0
0
0
0
0
0
0
0
0
0
0
0
0
0
0
0
0
0
0
0
0
0
0
0
0
0
0
0
0
0
0
0
0
0
0
0
0
0
0
0
0
0
0
0
0
0
0
0
0
0
0
0
0
0
0
0
0
0
0
0
0
0
0
0
0
0
0
0
0
0
0
0
0
0
0
0
0
0
0
0
0
0
0
0
0
0
0
0
0
0
139259
