249
441
0
327
0
44
0
716
0
71
0
51
0
116
0
1881
0
63
0
47
0
6
0
42
0
36
0
66
0
43
0
952
0
0
0
0
0
5
0
40
0
0
0
8
0
4
0
64
0
0
0
23
0
3
0
38
0
0
0
37
0
45
0
325
0
0
0
0
0
0
0
0
0
0
0
0
0
0
0
0
0
0
0
0
0
1
0
1
0
0
0
3
0
0
0
50
0
0
0
0
0
0
0
0
0
0
0
0
0
0
0
47
0
0
0
0
0
0
0
22
0
0
0
0
0
0
0
350
0
0
0
0
0
0
0
0
0
0
0
0
0
0
0
0
0
0
0
0
0
0
0
0
0
0
0
0
0
0
0
0
0
0
0
0
0
0
0
0
0
0
0
0
0
0
0
0
0
0
0
0
0
0
0
0
0
0
0
0
0
0
0
0
0
0
0
0
0
0
0
0
0
0
0
0
0
0
0
0
0
0
0
0
0
0
0
0
0
0
0
0
0
0
0
0
0
0
0
0
0
0
0
0
0
0
0
0
0
0
0
0
0
0
0
0
0
0
0
0
0
0
0
0
0
0
0
152187
