149
360
0
498
0
58
0
1795
0
59
0
95
0
64
0
6367
0
58
0
38
0
10
0
99
0
67
0
52
0
76
0
3552
0
0
0
0
0
4
0
44
0
0
0
5
0
5
0
75
0
0
0
9
0
5
0
56
0
0
0
46
0
73
0
1045
0
0
0
0
0
0
0
0
0
0
0
0
0
0
0
0
0
0
0
0
0
0
0
11
0
0
0
3
0
0
0
103
0
0
0
0
0
0
0
0
0
0
0
0
0
0
0
68
0
0
0
0
0
0
0
48
0
0
0
0
0
0
0
1069
0
0
0
0
0
0
0
0
0
0
0
0
0
0
0
0
0
0
0
0
0
0
0
0
0
0
0
0
0
0
0
0
0
0
0
0
0
0
0
0
0
0
0
0
0
0
0
0
0
0
0
0
0
0
0
0
0
0
0
0
0
0
0
0
0
0
0
0
0
0
0
0
0
0
0
0
0
0
0
0
0
0
0
0
0
0
0
0
0
0
0
0
0
0
0
0
0
0
0
0
0
0
0
0
0
0
0
0
0
0
0
0
0
0
0
0
0
0
0
0
0
0
0
0
0
0
0
142338
