313
782
0
1077
0
85
0
2916
0
84
0
135
0
107
0
6565
0
83
0
74
0
4
0
97
0
63
0
106
0
93
0
3169
0
0
0
0
0
0
0
98
0
0
0
1
0
6
0
101
0
0
0
37
0
1
0
93
0
0
0
78
0
129
0
1247
0
0
0
0
0
0
0
0
0
0
0
0
0
0
0
0
0
0
0
0
0
0
0
5
0
0
0
8
0
0
0
94
0
0
0
0
0
0
0
0
0
0
0
0
0
0
0
99
0
0
0
0
0
0
0
74
0
0
0
0
0
0
0
910
0
0
0
0
0
0
0
0
0
0
0
0
0
0
0
0
0
0
0
0
0
0
0
0
0
0
0
0
0
0
0
0
0
0
0
0
0
0
0
0
0
0
0
0
0
0
0
0
0
0
0
0
0
0
0
0
0
0
0
0
0
0
0
0
0
0
0
0
0
0
0
0
0
0
0
0
0
0
0
0
0
0
0
0
0
0
0
0
0
0
0
0
0
0
0
0
0
0
0
0
0
0
0
0
0
0
0
0
0
0
0
0
0
0
0
0
0
0
0
0
0
0
0
0
0
0
0
139670
