250
927
0
1393
0
99
0
3114
0
117
0
153
0
205
0
11702
0
114
0
122
0
15
0
180
0
105
0
120
0
200
0
5967
0
0
0
0
0
3
0
99
0
0
0
7
0
8
0
170
0
0
0
44
0
4
0
97
0
0
0
100
0
167
0
2599
0
0
0
0
0
0
0
0
0
0
0
0
0
0
0
0
0
0
0
0
0
0
0
16
0
0
0
11
0
0
0
196
0
0
0
0
0
0
0
0
0
0
0
0
0
0
0
122
0
0
0
0
0
0
0
67
0
0
0
0
0
0
0
2156
0
0
0
0
0
0
0
0
0
0
0
0
0
0
0
0
0
0
0
0
0
0
0
0
0
0
0
0
0
0
0
0
0
0
0
0
0
0
0
0
0
0
0
0
0
0
0
0
0
0
0
0
0
0
0
0
0
0
0
0
0
0
0
0
0
0
0
0
0
0
0
0
0
0
0
0
0
0
0
0
0
0
0
0
0
0
0
0
0
0
0
0
0
0
0
0
0
0
0
0
0
0
0
0
0
0
0
0
0
0
0
0
0
0
0
0
0
0
0
0
0
0
0
0
0
0
0
127755
