435
862
0
1024
0
109
0
1747
0
114
0
140
0
113
0
2997
0
76
0
101
0
9
0
89
0
148
0
157
0
112
0
1980
0
0
0
0
0
14
0
113
0
0
0
6
0
13
0
106
0
0
0
65
0
4
0
104
0
0
0
111
0
109
0
1103
0
0
0
0
0
0
0
0
0
0
0
0
0
0
0
0
0
0
0
0
0
1
0
4
0
0
0
15
0
0
0
94
0
0
0
0
0
0
0
0
0
0
0
0
0
0
0
84
0
0
0
0
0
0
0
40
0
0
0
0
0
0
0
810
0
0
0
0
0
0
0
0
0
0
0
0
0
0
0
0
0
0
0
0
0
0
0
0
0
0
0
0
0
0
0
0
0
0
0
0
0
0
0
0
0
0
0
0
0
0
0
0
0
0
0
0
0
0
0
0
0
0
0
0
0
0
0
0
0
0
0
0
0
0
0
0
0
0
0
0
0
0
0
0
0
0
0
0
0
0
0
0
0
0
0
0
0
0
0
0
0
0
0
0
0
0
0
0
0
0
0
0
0
0
0
0
0
0
0
0
0
0
0
0
0
0
0
0
0
0
0
145395
