184
538
0
711
0
59
0
2709
0
72
0
63
0
109
0
9360
0
126
0
52
0
14
0
101
0
66
0
61
0
110
0
6286
0
0
0
0
0
2
0
41
0
0
0
5
0
5
0
102
0
0
0
14
0
5
0
50
0
0
0
41
0
106
0
1936
0
0
0
0
0
0
0
0
0
0
0
0
0
0
0
0
0
0
0
0
0
2
0
12
0
0
0
5
0
0
0
166
0
0
0
0
0
0
0
0
0
0
0
0
0
0
0
101
0
0
0
0
0
0
0
54
0
0
0
0
0
0
0
1909
0
0
0
0
0
0
0
0
0
0
0
0
0
0
0
0
0
0
0
0
0
0
0
0
0
0
0
0
0
0
0
0
0
0
0
0
0
0
0
0
0
0
0
0
0
0
0
0
0
0
0
0
0
0
0
0
0
0
0
0
0
0
0
0
0
0
0
0
0
0
0
0
0
0
0
0
0
0
0
0
0
0
0
0
0
0
0
0
0
0
0
0
0
0
0
0
0
0
0
0
0
0
0
0
0
0
0
0
0
0
0
0
0
0
0
0
0
0
0
0
0
0
0
0
0
0
0
133227
