162
390
0
576
0
49
0
1808
0
48
0
75
0
52
0
4945
0
44
0
48
0
9
0
60
0
43
0
41
0
71
0
2327
0
0
0
0
0
5
0
36
0
0
0
3
0
4
0
56
0
0
0
17
0
1
0
40
0
0
0
35
0
54
0
848
0
0
0
0
0
0
0
0
0
0
0
0
0
0
0
0
0
0
0
0
0
0
0
4
0
0
0
5
0
0
0
64
0
0
0
0
0
0
0
0
0
0
0
0
0
0
0
39
0
0
0
0
0
0
0
20
0
0
0
0
0
0
0
627
0
0
0
0
0
0
0
0
0
0
0
0
0
0
0
0
0
0
0
0
0
0
0
0
0
0
0
0
0
0
0
0
0
0
0
0
0
0
0
0
0
0
0
0
0
0
0
0
0
0
0
0
0
0
0
0
0
0
0
0
0
0
0
0
0
0
0
0
0
0
0
0
0
0
0
0
0
0
0
0
0
0
0
0
0
0
0
0
0
0
0
0
0
0
0
0
0
0
0
0
0
0
0
0
0
0
0
0
0
0
0
0
0
0
0
0
0
0
0
0
0
0
0
0
0
0
0
145798
