336
724
0
928
0
99
0
1424
0
95
0
139
0
155
0
2537
0
51
0
85
0
9
0
96
0
97
0
109
0
89
0
1457
0
0
0
0
0
8
0
100
0
0
0
9
0
12
0
127
0
0
0
42
0
5
0
81
0
0
0
69
0
120
0
875
0
0
0
0
0
0
0
0
0
0
0
0
0
0
0
0
0
0
0
0
0
0
0
3
0
0
0
11
0
0
0
98
0
0
0
0
0
0
0
0
0
0
0
0
0
0
0
83
0
0
0
0
0
0
0
51
0
0
0
0
0
0
0
725
0
0
0
0
0
0
0
0
0
0
0
0
0
0
0
0
0
0
0
0
0
0
0
0
0
0
0
0
0
0
0
0
0
0
0
0
0
0
0
0
0
0
0
0
0
0
0
0
0
0
0
0
0
0
0
0
0
0
0
0
0
0
0
0
0
0
0
0
0
0
0
0
0
0
0
0
0
0
0
0
0
0
0
0
0
0
0
0
0
0
0
0
0
0
0
0
0
0
0
0
0
0
0
0
0
0
0
0
0
0
0
0
0
0
0
0
0
0
0
0
0
0
0
0
0
0
0
147555
