166
412
0
649
0
50
0
2736
0
80
0
123
0
112
0
14539
0
123
0
72
0
15
0
103
0
73
0
60
0
94
0
8140
0
0
0
0
0
4
0
53
0
0
0
9
0
9
0
114
0
0
0
22
0
2
0
47
0
0
0
45
0
134
0
2349
0
0
0
0
0
0
0
0
0
0
0
0
0
0
0
0
0
0
0
0
0
1
0
11
0
0
0
5
0
0
0
185
0
0
0
0
0
0
0
0
0
0
0
0
0
0
0
82
0
0
0
0
0
0
0
63
0
0
0
0
0
0
0
2117
0
0
0
0
0
0
0
0
0
0
0
0
0
0
0
0
0
0
0
0
0
0
0
0
0
0
0
0
0
0
0
0
0
0
0
0
0
0
0
0
0
0
0
0
0
0
0
0
0
0
0
0
0
0
0
0
0
0
0
0
0
0
0
0
0
0
0
0
0
0
0
0
0
0
0
0
0
0
0
0
0
0
0
0
0
0
0
0
0
0
0
0
0
0
0
0
0
0
0
0
0
0
0
0
0
0
0
0
0
0
0
0
0
0
0
0
0
0
0
0
0
0
0
0
0
0
0
125605
