254
820
0
1555
0
101
0
4277
0
112
0
187
0
170
0
14582
0
94
0
106
0
13
0
169
0
127
0
134
0
183
0
7477
0
0
0
0
0
6
0
91
0
0
0
13
0
8
0
184
0
0
0
52
0
4
0
108
0
0
0
114
0
185
0
2947
0
0
0
0
0
0
0
0
0
0
0
0
0
0
0
0
0
0
0
0
0
0
0
6
0
0
0
9
0
0
0
231
0
0
0
0
0
0
0
0
0
0
0
0
0
0
0
139
0
0
0
0
0
0
0
80
0
0
0
0
0
0
0
2135
0
0
0
0
0
0
0
0
0
0
0
0
0
0
0
0
0
0
0
0
0
0
0
0
0
0
0
0
0
0
0
0
0
0
0
0
0
0
0
0
0
0
0
0
0
0
0
0
0
0
0
0
0
0
0
0
0
0
0
0
0
0
0
0
0
0
0
0
0
0
0
0
0
0
0
0
0
0
0
0
0
0
0
0
0
0
0
0
0
0
0
0
0
0
0
0
0
0
0
0
0
0
0
0
0
0
0
0
0
0
0
0
0
0
0
0
0
0
0
0
0
0
0
0
0
0
0
121731
