183
587
0
706
0
52
0
1428
0
86
0
86
0
85
0
3600
0
78
0
61
0
4
0
58
0
77
0
38
0
79
0
1832
0
0
0
0
0
4
0
45
0
0
0
1
0
8
0
78
0
0
0
14
0
1
0
44
0
0
0
43
0
68
0
923
0
0
0
0
0
0
0
0
0
0
0
0
0
0
0
0
0
0
0
0
0
1
0
2
0
0
0
4
0
0
0
66
0
0
0
0
0
0
0
0
0
0
0
0
0
0
0
67
0
0
0
0
0
0
0
22
0
0
0
0
0
0
0
761
0
0
0
0
0
0
0
0
0
0
0
0
0
0
0
0
0
0
0
0
0
0
0
0
0
0
0
0
0
0
0
0
0
0
0
0
0
0
0
0
0
0
0
0
0
0
0
0
0
0
0
0
0
0
0
0
0
0
0
0
0
0
0
0
0
0
0
0
0
0
0
0
0
0
0
0
0
0
0
0
0
0
0
0
0
0
0
0
0
0
0
0
0
0
0
0
0
0
0
0
0
0
0
0
0
0
0
0
0
0
0
0
0
0
0
0
0
0
0
0
0
0
0
0
0
0
0
147212
