297
598
0
927
0
85
0
1608
0
98
0
107
0
103
0
2803
0
37
0
97
0
8
0
88
0
104
0
87
0
80
0
1655
0
0
0
0
0
6
0
74
0
0
0
6
0
2
0
93
0
0
0
45
0
5
0
78
0
0
0
93
0
88
0
902
0
0
0
0
0
0
0
0
0
0
0
0
0
0
0
0
0
0
0
0
0
0
0
5
0
0
0
3
0
0
0
86
0
0
0
0
0
0
0
0
0
0
0
0
0
0
0
56
0
0
0
0
0
0
0
41
0
0
0
0
0
0
0
704
0
0
0
0
0
0
0
0
0
0
0
0
0
0
0
0
0
0
0
0
0
0
0
0
0
0
0
0
0
0
0
0
0
0
0
0
0
0
0
0
0
0
0
0
0
0
0
0
0
0
0
0
0
0
0
0
0
0
0
0
0
0
0
0
0
0
0
0
0
0
0
0
0
0
0
0
0
0
0
0
0
0
0
0
0
0
0
0
0
0
0
0
0
0
0
0
0
0
0
0
0
0
0
0
0
0
0
0
0
0
0
0
0
0
0
0
0
0
0
0
0
0
0
0
0
0
0
147335
