249
412
0
403
0
57
0
768
0
120
0
129
0
87
0
2118
0
34
0
46
0
4
0
47
0
49
0
76
0
61
0
920
0
0
0
0
0
6
0
45
0
0
0
7
0
5
0
61
0
0
0
16
0
6
0
47
0
0
0
41
0
56
0
451
0
0
0
0
0
0
0
0
0
0
0
0
0
0
0
0
0
0
0
0
0
0
0
8
0
0
0
14
0
0
0
78
0
0
0
0
0
0
0
0
0
0
0
0
0
0
0
57
0
0
0
0
0
0
0
30
0
0
0
0
0
0
0
371
0
0
0
0
0
0
0
0
0
0
0
0
0
0
0
0
0
0
0
0
0
0
0
0
0
0
0
0
0
0
0
0
0
0
0
0
0
0
0
0
0
0
0
0
0
0
0
0
0
0
0
0
0
0
0
0
0
0
0
0
0
0
0
0
0
0
0
0
0
0
0
0
0
0
0
0
0
0
0
0
0
0
0
0
0
0
0
0
0
0
0
0
0
0
0
0
0
0
0
0
0
0
0
0
0
0
0
0
0
0
0
0
0
0
0
0
0
0
0
0
0
0
0
0
0
0
0
151525
