242
650
0
789
0
73
0
2149
0
68
0
100
0
121
0
4912
0
95
0
100
0
11
0
111
0
93
0
84
0
115
0
3174
0
0
0
0
0
7
0
76
0
0
0
9
0
9
0
104
0
0
0
32
0
8
0
84
0
0
0
82
0
105
0
1430
0
0
0
0
0
0
0
0
0
0
0
0
0
0
0
0
0
0
0
0
0
0
0
8
0
0
0
4
0
0
0
111
0
0
0
0
0
0
0
0
0
0
0
0
0
0
0
90
0
0
0
0
0
0
0
81
0
0
0
0
0
0
0
1185
0
0
0
0
0
0
0
0
0
0
0
0
0
0
0
0
0
0
0
0
0
0
0
0
0
0
0
0
0
0
0
0
0
0
0
0
0
0
0
0
0
0
0
0
0
0
0
0
0
0
0
0
0
0
0
0
0
0
0
0
0
0
0
0
0
0
0
0
0
0
0
0
0
0
0
0
0
0
0
0
0
0
0
0
0
0
0
0
0
0
0
0
0
0
0
0
0
0
0
0
0
0
0
0
0
0
0
0
0
0
0
0
0
0
0
0
0
0
0
0
0
0
0
0
0
0
0
142092
