296
691
0
701
0
99
0
1315
0
111
0
150
0
128
0
3401
0
60
0
60
0
9
0
68
0
90
0
86
0
97
0
1659
0
0
0
0
0
7
0
68
0
0
0
11
0
19
0
129
0
0
0
24
0
5
0
90
0
0
0
63
0
105
0
776
0
0
0
0
0
0
0
0
0
0
0
0
0
0
0
0
0
0
0
0
0
0
0
3
0
0
0
6
0
0
0
104
0
0
0
0
0
0
0
0
0
0
0
0
0
0
0
95
0
0
0
0
0
0
0
49
0
0
0
0
0
0
0
826
0
0
0
0
0
0
0
0
0
0
0
0
0
0
0
0
0
0
0
0
0
0
0
0
0
0
0
0
0
0
0
0
0
0
0
0
0
0
0
0
0
0
0
0
0
0
0
0
0
0
0
0
0
0
0
0
0
0
0
0
0
0
0
0
0
0
0
0
0
0
0
0
0
0
0
0
0
0
0
0
0
0
0
0
0
0
0
0
0
0
0
0
0
0
0
0
0
0
0
0
0
0
0
0
0
0
0
0
0
0
0
0
0
0
0
0
0
0
0
0
0
0
0
0
0
0
0
147003
