217
674
0
1030
0
67
0
3063
0
66
0
108
0
123
0
10986
0
105
0
89
0
9
0
104
0
101
0
97
0
105
0
6925
0
0
0
0
0
0
0
64
0
0
0
5
0
4
0
102
0
0
0
25
0
2
0
52
0
0
0
73
0
82
0
2529
0
0
0
0
0
0
0
0
0
0
0
0
0
0
0
0
0
0
0
0
0
0
0
4
0
0
0
3
0
0
0
134
0
0
0
0
0
0
0
0
0
0
0
0
0
0
0
79
0
0
0
0
0
0
0
42
0
0
0
0
0
0
0
1582
0
0
0
0
0
0
0
0
0
0
0
0
0
0
0
0
0
0
0
0
0
0
0
0
0
0
0
0
0
0
0
0
0
0
0
0
0
0
0
0
0
0
0
0
0
0
0
0
0
0
0
0
0
0
0
0
0
0
0
0
0
0
0
0
0
0
0
0
0
0
0
0
0
0
0
0
0
0
0
0
0
0
0
0
0
0
0
0
0
0
0
0
0
0
0
0
0
0
0
0
0
0
0
0
0
0
0
0
0
0
0
0
0
0
0
0
0
0
0
0
0
0
0
0
0
0
0
129753
