192
686
0
983
0
67
0
2741
0
97
0
178
0
149
0
9806
0
69
0
84
0
18
0
132
0
86
0
108
0
131
0
4949
0
0
0
0
0
13
0
64
0
0
0
6
0
7
0
154
0
0
0
27
0
8
0
84
0
0
0
72
0
204
0
1937
0
0
0
0
0
0
0
0
0
0
0
0
0
0
0
0
0
0
0
0
0
1
0
12
0
0
0
7
0
0
0
170
0
0
0
0
0
0
0
0
0
0
0
0
0
0
0
143
0
0
0
0
0
0
0
68
0
0
0
0
0
0
0
2008
0
0
0
0
0
0
0
0
0
0
0
0
0
0
0
0
0
0
0
0
0
0
0
0
0
0
0
0
0
0
0
0
0
0
0
0
0
0
0
0
0
0
0
0
0
0
0
0
0
0
0
0
0
0
0
0
0
0
0
0
0
0
0
0
0
0
0
0
0
0
0
0
0
0
0
0
0
0
0
0
0
0
0
0
0
0
0
0
0
0
0
0
0
0
0
0
0
0
0
0
0
0
0
0
0
0
0
0
0
0
0
0
0
0
0
0
0
0
0
0
0
0
0
0
0
0
0
132943
