182
494
0
825
0
95
0
2624
0
128
0
125
0
165
0
10562
0
84
0
89
0
23
0
203
0
102
0
95
0
190
0
7413
0
0
0
0
0
9
0
99
0
0
0
9
0
17
0
196
0
0
0
33
0
12
0
113
0
0
0
97
0
209
0
3438
0
0
0
0
0
0
0
0
0
0
0
0
0
0
0
0
0
0
0
0
0
1
0
55
0
0
0
19
0
0
0
413
0
0
0
0
0
0
0
0
0
0
0
0
0
0
0
147
0
0
0
0
0
0
0
91
0
0
0
0
0
0
0
4094
0
0
0
0
0
0
0
0
0
0
0
0
0
0
0
0
0
0
0
0
0
0
0
0
0
0
0
0
0
0
0
0
0
0
0
0
0
0
0
0
0
0
0
0
0
0
0
0
0
0
0
0
0
0
0
0
0
0
0
0
0
0
0
0
0
0
0
0
0
0
0
0
0
0
0
0
0
0
0
0
0
0
0
0
0
0
0
0
0
0
0
0
0
0
0
0
0
0
0
0
0
0
0
0
0
0
0
0
0
0
0
0
0
0
0
0
0
0
0
0
0
0
0
0
0
0
0
125953
