415
777
0
1022
0
102
0
1808
0
132
0
145
0
120
0
3121
0
82
0
116
0
9
0
86
0
130
0
136
0
110
0
2047
0
0
0
0
0
10
0
128
0
0
0
8
0
10
0
107
0
0
0
57
0
10
0
98
0
0
0
117
0
106
0
1069
0
0
0
0
0
0
0
0
0
0
0
0
0
0
0
0
0
0
0
0
0
0
0
3
0
0
0
10
0
0
0
89
0
0
0
0
0
0
0
0
0
0
0
0
0
0
0
99
0
0
0
0
0
0
0
36
0
0
0
0
0
0
0
776
0
0
0
0
0
0
0
0
0
0
0
0
0
0
0
0
0
0
0
0
0
0
0
0
0
0
0
0
0
0
0
0
0
0
0
0
0
0
0
0
0
0
0
0
0
0
0
0
0
0
0
0
0
0
0
0
0
0
0
0
0
0
0
0
0
0
0
0
0
0
0
0
0
0
0
0
0
0
0
0
0
0
0
0
0
0
0
0
0
0
0
0
0
0
0
0
0
0
0
0
0
0
0
0
0
0
0
0
0
0
0
0
0
0
0
0
0
0
0
0
0
0
0
0
0
0
0
145313
