269
620
0
848
0
93
0
2117
0
86
0
97
0
128
0
5444
0
60
0
68
0
7
0
95
0
75
0
82
0
87
0
3000
0
0
0
0
0
1
0
68
0
0
0
2
0
7
0
91
0
0
0
32
0
3
0
80
0
0
0
63
0
75
0
1203
0
0
0
0
0
0
0
0
0
0
0
0
0
0
0
0
0
0
0
0
0
0
0
10
0
0
0
2
0
0
0
71
0
0
0
0
0
0
0
0
0
0
0
0
0
0
0
75
0
0
0
0
0
0
0
26
0
0
0
0
0
0
0
844
0
0
0
0
0
0
0
0
0
0
0
0
0
0
0
0
0
0
0
0
0
0
0
0
0
0
0
0
0
0
0
0
0
0
0
0
0
0
0
0
0
0
0
0
0
0
0
0
0
0
0
0
0
0
0
0
0
0
0
0
0
0
0
0
0
0
0
0
0
0
0
0
0
0
0
0
0
0
0
0
0
0
0
0
0
0
0
0
0
0
0
0
0
0
0
0
0
0
0
0
0
0
0
0
0
0
0
0
0
0
0
0
0
0
0
0
0
0
0
0
0
0
0
0
0
0
0
142575
