52
212
0
347
0
13
0
900
0
34
0
61
0
44
0
4956
0
22
0
34
0
1
0
38
0
18
0
36
0
27
0
1907
0
0
0
0
0
0
0
16
0
0
0
3
0
6
0
46
0
0
0
9
0
1
0
17
0
0
0
15
0
34
0
615
0
0
0
0
0
0
0
0
0
0
0
0
0
0
0
0
0
0
0
0
0
0
0
3
0
0
0
1
0
0
0
31
0
0
0
0
0
0
0
0
0
0
0
0
0
0
0
43
0
0
0
0
0
0
0
8
0
0
0
0
0
0
0
498
0
0
0
0
0
0
0
0
0
0
0
0
0
0
0
0
0
0
0
0
0
0
0
0
0
0
0
0
0
0
0
0
0
0
0
0
0
0
0
0
0
0
0
0
0
0
0
0
0
0
0
0
0
0
0
0
0
0
0
0
0
0
0
0
0
0
0
0
0
0
0
0
0
0
0
0
0
0
0
0
0
0
0
0
0
0
0
0
0
0
0
0
0
0
0
0
0
0
0
0
0
0
0
0
0
0
0
0
0
0
0
0
0
0
0
0
0
0
0
0
0
0
0
0
0
0
0
148356
