164
450
0
1009
0
74
0
3202
0
59
0
85
0
86
0
9877
0
52
0
55
0
9
0
114
0
61
0
63
0
121
0
5260
0
0
0
0
0
2
0
50
0
0
0
5
0
4
0
116
0
0
0
25
0
8
0
69
0
0
0
75
0
116
0
2042
0
0
0
0
0
0
0
0
0
0
0
0
0
0
0
0
0
0
0
0
0
1
0
23
0
0
0
7
0
0
0
145
0
0
0
0
0
0
0
0
0
0
0
0
0
0
0
86
0
0
0
0
0
0
0
52
0
0
0
0
0
0
0
1555
0
0
0
0
0
0
0
0
0
0
0
0
0
0
0
0
0
0
0
0
0
0
0
0
0
0
0
0
0
0
0
0
0
0
0
0
0
0
0
0
0
0
0
0
0
0
0
0
0
0
0
0
0
0
0
0
0
0
0
0
0
0
0
0
0
0
0
0
0
0
0
0
0
0
0
0
0
0
0
0
0
0
0
0
0
0
0
0
0
0
0
0
0
0
0
0
0
0
0
0
0
0
0
0
0
0
0
0
0
0
0
0
0
0
0
0
0
0
0
0
0
0
0
0
0
0
0
133282
