329
919
0
1778
0
116
0
5956
0
131
0
213
0
196
0
19461
0
88
0
135
0
9
0
145
0
120
0
178
0
169
0
10498
0
0
0
0
0
8
0
117
0
0
0
4
0
5
0
135
0
0
0
58
0
3
0
117
0
0
0
124
0
168
0
3499
0
0
0
0
0
0
0
0
0
0
0
0
0
0
0
0
0
0
0
0
0
0
0
6
0
0
0
6
0
0
0
122
0
0
0
0
0
0
0
0
0
0
0
0
0
0
0
122
0
0
0
0
0
0
0
59
0
0
0
0
0
0
0
1647
0
0
0
0
0
0
0
0
0
0
0
0
0
0
0
0
0
0
0
0
0
0
0
0
0
0
0
0
0
0
0
0
0
0
0
0
0
0
0
0
0
0
0
0
0
0
0
0
0
0
0
0
0
0
0
0
0
0
0
0
0
0
0
0
0
0
0
0
0
0
0
0
0
0
0
0
0
0
0
0
0
0
0
0
0
0
0
0
0
0
0
0
0
0
0
0
0
0
0
0
0
0
0
0
0
0
0
0
0
0
0
0
0
0
0
0
0
0
0
0
0
0
0
0
0
0
0
111763
