134
444
0
858
0
55
0
2229
0
36
0
101
0
72
0
6898
0
59
0
76
0
7
0
108
0
58
0
64
0
76
0
4138
0
0
0
0
0
2
0
61
0
0
0
1
0
5
0
68
0
0
0
25
0
4
0
58
0
0
0
56
0
107
0
1711
0
0
0
0
0
0
0
0
0
0
0
0
0
0
0
0
0
0
0
0
0
1
0
5
0
0
0
2
0
0
0
79
0
0
0
0
0
0
0
0
0
0
0
0
0
0
0
49
0
0
0
0
0
0
0
25
0
0
0
0
0
0
0
976
0
0
0
0
0
0
0
0
0
0
0
0
0
0
0
0
0
0
0
0
0
0
0
0
0
0
0
0
0
0
0
0
0
0
0
0
0
0
0
0
0
0
0
0
0
0
0
0
0
0
0
0
0
0
0
0
0
0
0
0
0
0
0
0
0
0
0
0
0
0
0
0
0
0
0
0
0
0
0
0
0
0
0
0
0
0
0
0
0
0
0
0
0
0
0
0
0
0
0
0
0
0
0
0
0
0
0
0
0
0
0
0
0
0
0
0
0
0
0
0
0
0
0
0
0
0
0
139756
