509
1382
0
1447
0
173
0
2946
0
166
0
230
0
204
0
7009
0
313
0
211
0
27
0
231
0
184
0
190
0
215
0
5200
0
0
0
0
0
7
0
166
0
0
0
14
0
19
0
185
0
0
0
62
0
18
0
153
0
0
0
148
0
250
0
2442
0
0
0
0
0
0
0
0
0
0
0
0
0
0
0
0
0
0
0
0
0
0
0
16
0
0
0
11
0
0
0
209
0
0
0
0
0
0
0
0
0
0
0
0
0
0
0
194
0
0
0
0
0
0
0
145
0
0
0
0
0
0
0
2594
0
0
0
0
0
0
0
0
0
0
0
0
0
0
0
0
0
0
0
0
0
0
0
0
0
0
0
0
0
0
0
0
0
0
0
0
0
0
0
0
0
0
0
0
0
0
0
0
0
0
0
0
0
0
0
0
0
0
0
0
0
0
0
0
0
0
0
0
0
0
0
0
0
0
0
0
0
0
0
0
0
0
0
0
0
0
0
0
0
0
0
0
0
0
0
0
0
0
0
0
0
0
0
0
0
0
0
0
0
0
0
0
0
0
0
0
0
0
0
0
0
0
0
0
0
0
0
131134
