161
325
0
507
0
47
0
1401
0
38
0
61
0
84
0
4350
0
59
0
64
0
9
0
85
0
64
0
67
0
85
0
2709
0
0
0
0
0
4
0
61
0
0
0
8
0
7
0
74
0
0
0
28
0
10
0
74
0
0
0
55
0
66
0
1290
0
0
0
0
0
0
0
0
0
0
0
0
0
0
0
0
0
0
0
0
0
0
0
11
0
0
0
6
0
0
0
111
0
0
0
0
0
0
0
0
0
0
0
0
0
0
0
45
0
0
0
0
0
0
0
37
0
0
0
0
0
0
0
986
0
0
0
0
0
0
0
0
0
0
0
0
0
0
0
0
0
0
0
0
0
0
0
0
0
0
0
0
0
0
0
0
0
0
0
0
0
0
0
0
0
0
0
0
0
0
0
0
0
0
0
0
0
0
0
0
0
0
0
0
0
0
0
0
0
0
0
0
0
0
0
0
0
0
0
0
0
0
0
0
0
0
0
0
0
0
0
0
0
0
0
0
0
0
0
0
0
0
0
0
0
0
0
0
0
0
0
0
0
0
0
0
0
0
0
0
0
0
0
0
0
0
0
0
0
0
0
145415
