186
475
0
895
0
75
0
3091
0
34
0
96
0
93
0
10887
0
106
0
84
0
10
0
118
0
88
0
99
0
108
0
6377
0
0
0
0
0
2
0
73
0
0
0
1
0
1
0
89
0
0
0
44
0
8
0
75
0
0
0
107
0
116
0
2327
0
0
0
0
0
0
0
0
0
0
0
0
0
0
0
0
0
0
0
0
0
3
0
6
0
0
0
1
0
0
0
124
0
0
0
0
0
0
0
0
0
0
0
0
0
0
0
59
0
0
0
0
0
0
0
67
0
0
0
0
0
0
0
1637
0
0
0
0
0
0
0
0
0
0
0
0
0
0
0
0
0
0
0
0
0
0
0
0
0
0
0
0
0
0
0
0
0
0
0
0
0
0
0
0
0
0
0
0
0
0
0
0
0
0
0
0
0
0
0
0
0
0
0
0
0
0
0
0
0
0
0
0
0
0
0
0
0
0
0
0
0
0
0
0
0
0
0
0
0
0
0
0
0
0
0
0
0
0
0
0
0
0
0
0
0
0
0
0
0
0
0
0
0
0
0
0
0
0
0
0
0
0
0
0
0
0
0
0
0
0
0
130842
