681
1550
0
1289
0
194
0
1785
0
212
0
208
0
226
0
3308
0
162
0
162
0
23
0
147
0
162
0
162
0
166
0
1783
0
0
0
0
0
15
0
146
0
0
0
17
0
16
0
194
0
0
0
72
0
14
0
134
0
0
0
139
0
175
0
1199
0
0
0
0
0
0
0
0
0
0
0
0
0
0
0
0
0
0
0
0
0
0
0
13
0
0
0
23
0
0
0
139
0
0
0
0
0
0
0
0
0
0
0
0
0
0
0
211
0
0
0
0
0
0
0
131
0
0
0
0
0
0
0
1546
0
0
0
0
0
0
0
0
0
0
0
0
0
0
0
0
0
0
0
0
0
0
0
0
0
0
0
0
0
0
0
0
0
0
0
0
0
0
0
0
0
0
0
0
0
0
0
0
0
0
0
0
0
0
0
0
0
0
0
0
0
0
0
0
0
0
0
0
0
0
0
0
0
0
0
0
0
0
0
0
0
0
0
0
0
0
0
0
0
0
0
0
0
0
0
0
0
0
0
0
0
0
0
0
0
0
0
0
0
0
0
0
0
0
0
0
0
0
0
0
0
0
0
0
0
0
0
142000
