489
1345
0
1977
0
179
0
4620
0
163
0
244
0
273
0
12414
0
185
0
200
0
18
0
251
0
216
0
215
0
266
0
7359
0
0
0
0
0
6
0
165
0
0
0
9
0
20
0
298
0
0
0
85
0
6
0
169
0
0
0
186
0
288
0
3666
0
0
0
0
0
0
0
0
0
0
0
0
0
0
0
0
0
0
0
0
0
0
0
12
0
0
0
17
0
0
0
243
0
0
0
0
0
0
0
0
0
0
0
0
0
0
0
228
0
0
0
0
0
0
0
113
0
0
0
0
0
0
0
2726
0
0
0
0
0
0
0
0
0
0
0
0
0
0
0
0
0
0
0
0
0
0
0
0
0
0
0
0
0
0
0
0
0
0
0
0
0
0
0
0
0
0
0
0
0
0
0
0
0
0
0
0
0
0
0
0
0
0
0
0
0
0
0
0
0
0
0
0
0
0
0
0
0
0
0
0
0
0
0
0
0
0
0
0
0
0
0
0
0
0
0
0
0
0
0
0
0
0
0
0
0
0
0
0
0
0
0
0
0
0
0
0
0
0
0
0
0
0
0
0
0
0
0
0
0
0
0
119753
