230
591
0
979
0
78
0
2163
0
96
0
164
0
124
0
8186
0
90
0
94
0
5
0
114
0
106
0
91
0
118
0
5324
0
0
0
0
0
5
0
88
0
0
0
4
0
9
0
139
0
0
0
38
0
5
0
85
0
0
0
79
0
137
0
2099
0
0
0
0
0
0
0
0
0
0
0
0
0
0
0
0
0
0
0
0
0
0
0
8
0
0
0
5
0
0
0
157
0
0
0
0
0
0
0
0
0
0
0
0
0
0
0
86
0
0
0
0
0
0
0
51
0
0
0
0
0
0
0
1779
0
0
0
0
0
0
0
0
0
0
0
0
0
0
0
0
0
0
0
0
0
0
0
0
0
0
0
0
0
0
0
0
0
0
0
0
0
0
0
0
0
0
0
0
0
0
0
0
0
0
0
0
0
0
0
0
0
0
0
0
0
0
0
0
0
0
0
0
0
0
0
0
0
0
0
0
0
0
0
0
0
0
0
0
0
0
0
0
0
0
0
0
0
0
0
0
0
0
0
0
0
0
0
0
0
0
0
0
0
0
0
0
0
0
0
0
0
0
0
0
0
0
0
0
0
0
0
135077
