204
592
0
873
0
70
0
2566
0
83
0
91
0
153
0
10414
0
121
0
91
0
12
0
119
0
115
0
98
0
199
0
7201
0
0
0
0
0
2
0
74
0
0
0
8
0
9
0
176
0
0
0
26
0
12
0
75
0
0
0
76
0
113
0
2966
0
0
0
0
0
0
0
0
0
0
0
0
0
0
0
0
0
0
0
0
0
0
0
14
0
0
0
4
0
0
0
185
0
0
0
0
0
0
0
0
0
0
0
0
0
0
0
97
0
0
0
0
0
0
0
67
0
0
0
0
0
0
0
2340
0
0
0
0
0
0
0
0
0
0
0
0
0
0
0
0
0
0
0
0
0
0
0
0
0
0
0
0
0
0
0
0
0
0
0
0
0
0
0
0
0
0
0
0
0
0
0
0
0
0
0
0
0
0
0
0
0
0
0
0
0
0
0
0
0
0
0
0
0
0
0
0
0
0
0
0
0
0
0
0
0
0
0
0
0
0
0
0
0
0
0
0
0
0
0
0
0
0
0
0
0
0
0
0
0
0
0
0
0
0
0
0
0
0
0
0
0
0
0
0
0
0
0
0
0
0
0
129158
