209
480
0
384
0
68
0
990
0
115
0
88
0
214
0
3634
0
59
0
46
0
12
0
53
0
51
0
75
0
74
0
1490
0
0
0
0
0
6
0
49
0
0
0
10
0
10
0
104
0
0
0
18
0
4
0
43
0
0
0
45
0
70
0
684
0
0
0
0
0
0
0
0
0
0
0
0
0
0
0
0
0
0
0
0
0
2
0
6
0
0
0
6
0
0
0
85
0
0
0
0
0
0
0
0
0
0
0
0
0
0
0
82
0
0
0
0
0
0
0
27
0
0
0
0
0
0
0
674
0
0
0
0
0
0
0
0
0
0
0
0
0
0
0
0
0
0
0
0
0
0
0
0
0
0
0
0
0
0
0
0
0
0
0
0
0
0
0
0
0
0
0
0
0
0
0
0
0
0
0
0
0
0
0
0
0
0
0
0
0
0
0
0
0
0
0
0
0
0
0
0
0
0
0
0
0
0
0
0
0
0
0
0
0
0
0
0
0
0
0
0
0
0
0
0
0
0
0
0
0
0
0
0
0
0
0
0
0
0
0
0
0
0
0
0
0
0
0
0
0
0
0
0
0
0
0
148437
