182
544
0
836
0
100
0
2853
0
131
0
246
0
107
0
11456
0
68
0
66
0
13
0
127
0
88
0
105
0
133
0
6739
0
0
0
0
0
8
0
68
0
0
0
7
0
16
0
147
0
0
0
33
0
5
0
78
0
0
0
73
0
146
0
2621
0
0
0
0
0
0
0
0
0
0
0
0
0
0
0
0
0
0
0
0
0
0
0
8
0
0
0
10
0
0
0
207
0
0
0
0
0
0
0
0
0
0
0
0
0
0
0
88
0
0
0
0
0
0
0
48
0
0
0
0
0
0
0
2104
0
0
0
0
0
0
0
0
0
0
0
0
0
0
0
0
0
0
0
0
0
0
0
0
0
0
0
0
0
0
0
0
0
0
0
0
0
0
0
0
0
0
0
0
0
0
0
0
0
0
0
0
0
0
0
0
0
0
0
0
0
0
0
0
0
0
0
0
0
0
0
0
0
0
0
0
0
0
0
0
0
0
0
0
0
0
0
0
0
0
0
0
0
0
0
0
0
0
0
0
0
0
0
0
0
0
0
0
0
0
0
0
0
0
0
0
0
0
0
0
0
0
0
0
0
0
0
128943
