88
311
0
603
0
59
0
1649
0
45
0
89
0
83
0
5994
0
47
0
45
0
14
0
89
0
45
0
35
0
69
0
3599
0
0
0
0
0
9
0
27
0
0
0
7
0
7
0
85
0
0
0
17
0
18
0
36
0
0
0
31
0
86
0
1198
0
0
0
0
0
0
0
0
0
0
0
0
0
0
0
0
0
0
0
0
0
2
0
16
0
0
0
12
0
0
0
120
0
0
0
0
0
0
0
0
0
0
0
0
0
0
0
54
0
0
0
0
0
0
0
33
0
0
0
0
0
0
0
1021
0
0
0
0
0
0
0
0
0
0
0
0
0
0
0
0
0
0
0
0
0
0
0
0
0
0
0
0
0
0
0
0
0
0
0
0
0
0
0
0
0
0
0
0
0
0
0
0
0
0
0
0
0
0
0
0
0
0
0
0
0
0
0
0
0
0
0
0
0
0
0
0
0
0
0
0
0
0
0
0
0
0
0
0
0
0
0
0
0
0
0
0
0
0
0
0
0
0
0
0
0
0
0
0
0
0
0
0
0
0
0
0
0
0
0
0
0
0
0
0
0
0
0
0
0
0
0
142761
