197
498
0
1169
0
67
0
3320
0
40
0
90
0
112
0
8157
0
63
0
73
0
4
0
103
0
82
0
80
0
121
0
5447
0
0
0
0
0
2
0
79
0
0
0
2
0
7
0
98
0
0
0
35
0
2
0
61
0
0
0
80
0
95
0
2190
0
0
0
0
0
0
0
0
0
0
0
0
0
0
0
0
0
0
0
0
0
0
0
3
0
0
0
1
0
0
0
67
0
0
0
0
0
0
0
0
0
0
0
0
0
0
0
65
0
0
0
0
0
0
0
35
0
0
0
0
0
0
0
1109
0
0
0
0
0
0
0
0
0
0
0
0
0
0
0
0
0
0
0
0
0
0
0
0
0
0
0
0
0
0
0
0
0
0
0
0
0
0
0
0
0
0
0
0
0
0
0
0
0
0
0
0
0
0
0
0
0
0
0
0
0
0
0
0
0
0
0
0
0
0
0
0
0
0
0
0
0
0
0
0
0
0
0
0
0
0
0
0
0
0
0
0
0
0
0
0
0
0
0
0
0
0
0
0
0
0
0
0
0
0
0
0
0
0
0
0
0
0
0
0
0
0
0
0
0
0
0
134850
