309
731
0
943
0
108
0
1567
0
114
0
134
0
170
0
3202
0
54
0
98
0
3
0
79
0
97
0
130
0
96
0
1618
0
0
0
0
0
7
0
94
0
0
0
5
0
3
0
141
0
0
0
45
0
8
0
101
0
0
0
97
0
124
0
909
0
0
0
0
0
0
0
0
0
0
0
0
0
0
0
0
0
0
0
0
0
0
0
8
0
0
0
4
0
0
0
100
0
0
0
0
0
0
0
0
0
0
0
0
0
0
0
78
0
0
0
0
0
0
0
41
0
0
0
0
0
0
0
759
0
0
0
0
0
0
0
0
0
0
0
0
0
0
0
0
0
0
0
0
0
0
0
0
0
0
0
0
0
0
0
0
0
0
0
0
0
0
0
0
0
0
0
0
0
0
0
0
0
0
0
0
0
0
0
0
0
0
0
0
0
0
0
0
0
0
0
0
0
0
0
0
0
0
0
0
0
0
0
0
0
0
0
0
0
0
0
0
0
0
0
0
0
0
0
0
0
0
0
0
0
0
0
0
0
0
0
0
0
0
0
0
0
0
0
0
0
0
0
0
0
0
0
0
0
0
0
146427
