273
575
0
528
0
71
0
1391
0
102
0
145
0
111
0
4643
0
66
0
43
0
4
0
44
0
57
0
60
0
54
0
1745
0
0
0
0
0
1
0
33
0
0
0
1
0
1
0
38
0
0
0
18
0
2
0
38
0
0
0
23
0
59
0
545
0
0
0
0
0
0
0
0
0
0
0
0
0
0
0
0
0
0
0
0
0
1
0
3
0
0
0
3
0
0
0
36
0
0
0
0
0
0
0
0
0
0
0
0
0
0
0
26
0
0
0
0
0
0
0
16
0
0
0
0
0
0
0
311
0
0
0
0
0
0
0
0
0
0
0
0
0
0
0
0
0
0
0
0
0
0
0
0
0
0
0
0
0
0
0
0
0
0
0
0
0
0
0
0
0
0
0
0
0
0
0
0
0
0
0
0
0
0
0
0
0
0
0
0
0
0
0
0
0
0
0
0
0
0
0
0
0
0
0
0
0
0
0
0
0
0
0
0
0
0
0
0
0
0
0
0
0
0
0
0
0
0
0
0
0
0
0
0
0
0
0
0
0
0
0
0
0
0
0
0
0
0
0
0
0
0
0
0
0
0
0
147337
