491
1461
0
2224
0
189
0
5378
0
295
0
424
0
407
0
19108
0
261
0
240
0
37
0
365
0
302
0
379
0
376
0
13570
0
0
0
0
0
19
0
209
0
0
0
8
0
18
0
426
0
0
0
104
0
12
0
220
0
0
0
265
0
422
0
6086
0
0
0
0
0
0
0
0
0
0
0
0
0
0
0
0
0
0
0
0
0
1
0
23
0
0
0
17
0
0
0
446
0
0
0
0
0
0
0
0
0
0
0
0
0
0
0
304
0
0
0
0
0
0
0
162
0
0
0
0
0
0
0
4603
0
0
0
0
0
0
0
0
0
0
0
0
0
0
0
0
0
0
0
0
0
0
0
0
0
0
0
0
0
0
0
0
0
0
0
0
0
0
0
0
0
0
0
0
0
0
0
0
0
0
0
0
0
0
0
0
0
0
0
0
0
0
0
0
0
0
0
0
0
0
0
0
0
0
0
0
0
0
0
0
0
0
0
0
0
0
0
0
0
0
0
0
0
0
0
0
0
0
0
0
0
0
0
0
0
0
0
0
0
0
0
0
0
0
0
0
0
0
0
0
0
0
0
0
0
0
0
99552
