263
760
0
1191
0
85
0
3411
0
82
0
136
0
142
0
10187
0
61
0
89
0
6
0
113
0
103
0
96
0
125
0
5360
0
0
0
0
0
3
0
96
0
0
0
4
0
6
0
104
0
0
0
46
0
7
0
75
0
0
0
66
0
118
0
2005
0
0
0
0
0
0
0
0
0
0
0
0
0
0
0
0
0
0
0
0
0
0
0
7
0
0
0
7
0
0
0
134
0
0
0
0
0
0
0
0
0
0
0
0
0
0
0
68
0
0
0
0
0
0
0
31
0
0
0
0
0
0
0
1238
0
0
0
0
0
0
0
0
0
0
0
0
0
0
0
0
0
0
0
0
0
0
0
0
0
0
0
0
0
0
0
0
0
0
0
0
0
0
0
0
0
0
0
0
0
0
0
0
0
0
0
0
0
0
0
0
0
0
0
0
0
0
0
0
0
0
0
0
0
0
0
0
0
0
0
0
0
0
0
0
0
0
0
0
0
0
0
0
0
0
0
0
0
0
0
0
0
0
0
0
0
0
0
0
0
0
0
0
0
0
0
0
0
0
0
0
0
0
0
0
0
0
0
0
0
0
0
132179
