302
712
0
918
0
123
0
2183
0
135
0
215
0
156
0
6170
0
92
0
115
0
21
0
194
0
108
0
173
0
169
0
6214
0
0
0
0
0
7
0
126
0
0
0
12
0
14
0
236
0
0
0
51
0
12
0
155
0
0
0
157
0
171
0
3986
0
0
0
0
0
0
0
0
0
0
0
0
0
0
0
0
0
0
0
0
0
0
0
33
0
0
0
9
0
0
0
357
0
0
0
0
0
0
0
0
0
0
0
0
0
0
0
164
0
0
0
0
0
0
0
150
0
0
0
0
0
0
0
3948
0
0
0
0
0
0
0
0
0
0
0
0
0
0
0
0
0
0
0
0
0
0
0
0
0
0
0
0
0
0
0
0
0
0
0
0
0
0
0
0
0
0
0
0
0
0
0
0
0
0
0
0
0
0
0
0
0
0
0
0
0
0
0
0
0
0
0
0
0
0
0
0
0
0
0
0
0
0
0
0
0
0
0
0
0
0
0
0
0
0
0
0
0
0
0
0
0
0
0
0
0
0
0
0
0
0
0
0
0
0
0
0
0
0
0
0
0
0
0
0
0
0
0
0
0
0
0
130816
302
712
0
918
0
123
0
2183
0
135
0
215
0
156
0
6170
0
92
0
115
0
21
0
194
0
108
0
173
0
169
0
6214
0
0
0
0
0
7
0
126
0
0
0
12
0
14
0
236
0
0
0
51
0
12
0
155
0
0
0
157
0
171
0
3986
0
0
0
0
0
0
0
0
0
0
0
0
0
0
0
0
0
0
0
0
0
0
0
33
0
0
0
9
0
0
0
357
0
0
0
0
0
0
0
0
0
0
0
0
0
0
0
164
0
0
0
0
0
0
0
150
0
0
0
0
0
0
0
3948
0
0
0
0
0
0
0
0
0
0
0
0
0
0
0
0
0
0
0
0
0
0
0
0
0
0
0
0
0
0
0
0
0
0
0
0
0
0
0
0
0
0
0
0
0
0
0
0
0
0
0
0
0
0
0
0
0
0
0
0
0
0
0
0
0
0
0
0
0
0
0
0
0
0
0
0
0
0
0
0
0
0
0
0
0
0
0
0
0
0
0
0
0
0
0
0
0
0
0
0
0
0
0
0
0
0
0
0
0
0
0
0
0
0
0
0
0
0
0
0
0
0
0
0
0
0
0
130816
