106
310
0
473
0
46
0
2061
0
53
0
82
0
93
0
10076
0
36
0
49
0
5
0
77
0
40
0
78
0
87
0
5146
0
0
0
0
0
1
0
34
0
0
0
5
0
5
0
78
0
0
0
11
0
5
0
50
0
0
0
36
0
57
0
1452
0
0
0
0
0
0
0
0
0
0
0
0
0
0
0
0
0
0
0
0
0
0
0
9
0
0
0
4
0
0
0
161
0
0
0
0
0
0
0
0
0
0
0
0
0
0
0
67
0
0
0
0
0
0
0
29
0
0
0
0
0
0
0
1186
0
0
0
0
0
0
0
0
0
0
0
0
0
0
0
0
0
0
0
0
0
0
0
0
0
0
0
0
0
0
0
0
0
0
0
0
0
0
0
0
0
0
0
0
0
0
0
0
0
0
0
0
0
0
0
0
0
0
0
0
0
0
0
0
0
0
0
0
0
0
0
0
0
0
0
0
0
0
0
0
0
0
0
0
0
0
0
0
0
0
0
0
0
0
0
0
0
0
0
0
0
0
0
0
0
0
0
0
0
0
0
0
0
0
0
0
0
0
0
0
0
0
0
0
0
0
0
136396
