191
510
0
596
0
85
0
2387
0
112
0
72
0
119
0
7620
0
140
0
80
0
40
0
109
0
71
0
72
0
85
0
4892
0
0
0
0
0
37
0
47
0
0
0
21
0
19
0
98
0
0
0
28
0
30
0
47
0
0
0
60
0
106
0
1581
0
0
0
0
0
0
0
0
0
0
0
0
0
0
0
0
0
0
0
0
0
6
0
21
0
0
0
15
0
0
0
155
0
0
0
0
0
0
0
0
0
0
0
0
0
0
0
84
0
0
0
0
0
0
0
50
0
0
0
0
0
0
0
1263
0
0
0
0
0
0
0
0
0
0
0
0
0
0
0
0
0
0
0
0
0
0
0
0
0
0
0
0
0
0
0
0
0
0
0
0
0
0
0
0
0
0
0
0
0
0
0
0
0
0
0
0
0
0
0
0
0
0
0
0
0
0
0
0
0
0
0
0
0
0
0
0
0
0
0
0
0
0
0
0
0
0
0
0
0
0
0
0
0
0
0
0
0
0
0
0
0
0
0
0
0
0
0
0
0
0
0
0
0
0
0
0
0
0
0
0
0
0
0
0
0
0
0
0
0
0
0
137555
