245
699
0
1014
0
93
0
3310
0
97
0
124
0
158
0
10700
0
138
0
92
0
22
0
172
0
164
0
126
0
151
0
6481
0
0
0
0
0
14
0
101
0
0
0
20
0
15
0
175
0
0
0
49
0
12
0
120
0
0
0
114
0
154
0
2464
0
0
0
0
0
0
0
0
0
0
0
0
0
0
0
0
0
0
0
0
0
4
0
33
0
0
0
19
0
0
0
185
0
0
0
0
0
0
0
0
0
0
0
0
0
0
0
130
0
0
0
0
0
0
0
89
0
0
0
0
0
0
0
2025
0
0
0
0
0
0
0
0
0
0
0
0
0
0
0
0
0
0
0
0
0
0
0
0
0
0
0
0
0
0
0
0
0
0
0
0
0
0
0
0
0
0
0
0
0
0
0
0
0
0
0
0
0
0
0
0
0
0
0
0
0
0
0
0
0
0
0
0
0
0
0
0
0
0
0
0
0
0
0
0
0
0
0
0
0
0
0
0
0
0
0
0
0
0
0
0
0
0
0
0
0
0
0
0
0
0
0
0
0
0
0
0
0
0
0
0
0
0
0
0
0
0
0
0
0
0
0
128895
