246
436
0
725
0
78
0
1619
0
67
0
79
0
91
0
4011
0
62
0
66
0
7
0
89
0
82
0
114
0
105
0
2875
0
0
0
0
0
5
0
61
0
0
0
4
0
3
0
103
0
0
0
34
0
5
0
91
0
0
0
82
0
82
0
1548
0
0
0
0
0
0
0
0
0
0
0
0
0
0
0
0
0
0
0
0
0
0
0
11
0
0
0
5
0
0
0
136
0
0
0
0
0
0
0
0
0
0
0
0
0
0
0
63
0
0
0
0
0
0
0
55
0
0
0
0
0
0
0
1177
0
0
0
0
0
0
0
0
0
0
0
0
0
0
0
0
0
0
0
0
0
0
0
0
0
0
0
0
0
0
0
0
0
0
0
0
0
0
0
0
0
0
0
0
0
0
0
0
0
0
0
0
0
0
0
0
0
0
0
0
0
0
0
0
0
0
0
0
0
0
0
0
0
0
0
0
0
0
0
0
0
0
0
0
0
0
0
0
0
0
0
0
0
0
0
0
0
0
0
0
0
0
0
0
0
0
0
0
0
0
0
0
0
0
0
0
0
0
0
0
0
0
0
0
0
0
0
144187
