108
282
0
308
0
42
0
839
0
69
0
69
0
162
0
4519
0
32
0
43
0
2
0
27
0
39
0
61
0
40
0
1588
0
0
0
0
0
5
0
32
0
0
0
1
0
15
0
82
0
0
0
12
0
4
0
19
0
0
0
33
0
44
0
577
0
0
0
0
0
0
0
0
0
0
0
0
0
0
0
0
0
0
0
0
0
0
0
1
0
0
0
11
0
0
0
83
0
0
0
0
0
0
0
0
0
0
0
0
0
0
0
39
0
0
0
0
0
0
0
25
0
0
0
0
0
0
0
632
0
0
0
0
0
0
0
0
0
0
0
0
0
0
0
0
0
0
0
0
0
0
0
0
0
0
0
0
0
0
0
0
0
0
0
0
0
0
0
0
0
0
0
0
0
0
0
0
0
0
0
0
0
0
0
0
0
0
0
0
0
0
0
0
0
0
0
0
0
0
0
0
0
0
0
0
0
0
0
0
0
0
0
0
0
0
0
0
0
0
0
0
0
0
0
0
0
0
0
0
0
0
0
0
0
0
0
0
0
0
0
0
0
0
0
0
0
0
0
0
0
0
0
0
0
0
0
148559
