671
1185
0
1303
0
197
0
1850
0
173
0
187
0
189
0
2533
0
100
0
149
0
15
0
128
0
169
0
191
0
148
0
1706
0
0
0
0
0
20
0
165
0
0
0
17
0
24
0
154
0
0
0
77
0
15
0
160
0
0
0
130
0
165
0
1208
0
0
0
0
0
0
0
0
0
0
0
0
0
0
0
0
0
0
0
0
0
1
0
9
0
0
0
16
0
0
0
180
0
0
0
0
0
0
0
0
0
0
0
0
0
0
0
146
0
0
0
0
0
0
0
87
0
0
0
0
0
0
0
1042
0
0
0
0
0
0
0
0
0
0
0
0
0
0
0
0
0
0
0
0
0
0
0
0
0
0
0
0
0
0
0
0
0
0
0
0
0
0
0
0
0
0
0
0
0
0
0
0
0
0
0
0
0
0
0
0
0
0
0
0
0
0
0
0
0
0
0
0
0
0
0
0
0
0
0
0
0
0
0
0
0
0
0
0
0
0
0
0
0
0
0
0
0
0
0
0
0
0
0
0
0
0
0
0
0
0
0
0
0
0
0
0
0
0
0
0
0
0
0
0
0
0
0
0
0
0
0
143894
671
1185
0
1303
0
197
0
1850
0
173
0
187
0
189
0
2533
0
100
0
149
0
15
0
128
0
169
0
191
0
148
0
1706
0
0
0
0
0
20
0
165
0
0
0
17
0
24
0
154
0
0
0
77
0
15
0
160
0
0
0
130
0
165
0
1208
0
0
0
0
0
0
0
0
0
0
0
0
0
0
0
0
0
0
0
0
0
1
0
9
0
0
0
16
0
0
0
180
0
0
0
0
0
0
0
0
0
0
0
0
0
0
0
146
0
0
0
0
0
0
0
87
0
0
0
0
0
0
0
1042
0
0
0
0
0
0
0
0
0
0
0
0
0
0
0
0
0
0
0
0
0
0
0
0
0
0
0
0
0
0
0
0
0
0
0
0
0
0
0
0
0
0
0
0
0
0
0
0
0
0
0
0
0
0
0
0
0
0
0
0
0
0
0
0
0
0
0
0
0
0
0
0
0
0
0
0
0
0
0
0
0
0
0
0
0
0
0
0
0
0
0
0
0
0
0
0
0
0
0
0
0
0
0
0
0
0
0
0
0
0
0
0
0
0
0
0
0
0
0
0
0
0
0
0
0
0
0
143894
