308
836
0
1391
0
99
0
3885
0
97
0
147
0
186
0
11710
0
96
0
108
0
12
0
138
0
113
0
119
0
145
0
5923
0
0
0
0
0
1
0
92
0
0
0
5
0
3
0
157
0
0
0
38
0
2
0
91
0
0
0
93
0
128
0
2039
0
0
0
0
0
0
0
0
0
0
0
0
0
0
0
0
0
0
0
0
0
0
0
6
0
0
0
7
0
0
0
145
0
0
0
0
0
0
0
0
0
0
0
0
0
0
0
122
0
0
0
0
0
0
0
72
0
0
0
0
0
0
0
1443
0
0
0
0
0
0
0
0
0
0
0
0
0
0
0
0
0
0
0
0
0
0
0
0
0
0
0
0
0
0
0
0
0
0
0
0
0
0
0
0
0
0
0
0
0
0
0
0
0
0
0
0
0
0
0
0
0
0
0
0
0
0
0
0
0
0
0
0
0
0
0
0
0
0
0
0
0
0
0
0
0
0
0
0
0
0
0
0
0
0
0
0
0
0
0
0
0
0
0
0
0
0
0
0
0
0
0
0
0
0
0
0
0
0
0
0
0
0
0
0
0
0
0
0
0
0
0
128647
