126
390
0
713
0
50
0
2843
0
46
0
82
0
95
0
9972
0
67
0
51
0
9
0
104
0
59
0
59
0
89
0
5927
0
0
0
0
0
2
0
52
0
0
0
4
0
1
0
108
0
0
0
16
0
5
0
50
0
0
0
54
0
102
0
2209
0
0
0
0
0
0
0
0
0
0
0
0
0
0
0
0
0
0
0
0
0
1
0
16
0
0
0
5
0
0
0
173
0
0
0
0
0
0
0
0
0
0
0
0
0
0
0
61
0
0
0
0
0
0
0
30
0
0
0
0
0
0
0
1459
0
0
0
0
0
0
0
0
0
0
0
0
0
0
0
0
0
0
0
0
0
0
0
0
0
0
0
0
0
0
0
0
0
0
0
0
0
0
0
0
0
0
0
0
0
0
0
0
0
0
0
0
0
0
0
0
0
0
0
0
0
0
0
0
0
0
0
0
0
0
0
0
0
0
0
0
0
0
0
0
0
0
0
0
0
0
0
0
0
0
0
0
0
0
0
0
0
0
0
0
0
0
0
0
0
0
0
0
0
0
0
0
0
0
0
0
0
0
0
0
0
0
0
0
0
0
0
133374
