325
989
0
1377
0
112
0
3861
0
188
0
261
0
177
0
17569
0
145
0
187
0
17
0
299
0
166
0
194
0
232
0
18561
0
0
0
0
0
8
0
132
0
0
0
10
0
8
0
234
0
0
0
75
0
11
0
144
0
0
0
148
0
289
0
8497
0
0
0
0
0
0
0
0
0
0
0
0
0
0
0
0
0
0
0
0
0
0
0
17
0
0
0
12
0
0
0
476
0
0
0
0
0
0
0
0
0
0
0
0
0
0
0
171
0
0
0
0
0
0
0
79
0
0
0
0
0
0
0
6406
0
0
0
0
0
0
0
0
0
0
0
0
0
0
0
0
0
0
0
0
0
0
0
0
0
0
0
0
0
0
0
0
0
0
0
0
0
0
0
0
0
0
0
0
0
0
0
0
0
0
0
0
0
0
0
0
0
0
0
0
0
0
0
0
0
0
0
0
0
0
0
0
0
0
0
0
0
0
0
0
0
0
0
0
0
0
0
0
0
0
0
0
0
0
0
0
0
0
0
0
0
0
0
0
0
0
0
0
0
0
0
0
0
0
0
0
0
0
0
0
0
0
0
0
0
0
0
97027
