477
1047
0
1341
0
141
0
1935
0
166
0
170
0
185
0
3254
0
93
0
158
0
13
0
146
0
178
0
138
0
155
0
1984
0
0
0
0
0
16
0
145
0
0
0
9
0
12
0
204
0
0
0
67
0
12
0
143
0
0
0
125
0
164
0
1280
0
0
0
0
0
0
0
0
0
0
0
0
0
0
0
0
0
0
0
0
0
1
0
12
0
0
0
10
0
0
0
165
0
0
0
0
0
0
0
0
0
0
0
0
0
0
0
138
0
0
0
0
0
0
0
70
0
0
0
0
0
0
0
1066
0
0
0
0
0
0
0
0
0
0
0
0
0
0
0
0
0
0
0
0
0
0
0
0
0
0
0
0
0
0
0
0
0
0
0
0
0
0
0
0
0
0
0
0
0
0
0
0
0
0
0
0
0
0
0
0
0
0
0
0
0
0
0
0
0
0
0
0
0
0
0
0
0
0
0
0
0
0
0
0
0
0
0
0
0
0
0
0
0
0
0
0
0
0
0
0
0
0
0
0
0
0
0
0
0
0
0
0
0
0
0
0
0
0
0
0
0
0
0
0
0
0
0
0
0
0
0
143184
