126
419
0
423
0
144
0
1302
0
168
0
177
0
139
0
7834
0
135
0
123
0
81
0
147
0
101
0
131
0
170
0
6088
0
0
0
0
0
71
0
104
0
0
0
50
0
66
0
123
0
0
0
40
0
67
0
94
0
0
0
102
0
155
0
1965
0
0
0
0
0
0
0
0
0
0
0
0
0
0
0
0
0
0
0
0
0
16
0
56
0
0
0
50
0
0
0
295
0
0
0
0
0
0
0
0
0
0
0
0
0
0
0
157
0
0
0
0
0
0
0
74
0
0
0
0
0
0
0
2285
0
0
0
0
0
0
0
0
0
0
0
0
0
0
0
0
0
0
0
0
0
0
0
0
0
0
0
0
0
0
0
0
0
0
0
0
0
0
0
0
0
0
0
0
0
0
0
0
0
0
0
0
0
0
0
0
0
0
0
0
0
0
0
0
0
0
0
0
0
0
0
0
0
0
0
0
0
0
0
0
0
0
0
0
0
0
0
0
0
0
0
0
0
0
0
0
0
0
0
0
0
0
0
0
0
0
0
0
0
0
0
0
0
0
0
0
0
0
0
0
0
0
0
0
0
0
0
134926
