466
1107
0
1693
0
139
0
3194
0
130
0
265
0
209
0
7952
0
128
0
188
0
15
0
241
0
165
0
216
0
249
0
5777
0
0
0
0
0
5
0
178
0
0
0
11
0
13
0
237
0
0
0
81
0
14
0
170
0
0
0
175
0
276
0
2980
0
0
0
0
0
0
0
0
0
0
0
0
0
0
0
0
0
0
0
0
0
0
0
16
0
0
0
13
0
0
0
243
0
0
0
0
0
0
0
0
0
0
0
0
0
0
0
185
0
0
0
0
0
0
0
106
0
0
0
0
0
0
0
2423
0
0
0
0
0
0
0
0
0
0
0
0
0
0
0
0
0
0
0
0
0
0
0
0
0
0
0
0
0
0
0
0
0
0
0
0
0
0
0
0
0
0
0
0
0
0
0
0
0
0
0
0
0
0
0
0
0
0
0
0
0
0
0
0
0
0
0
0
0
0
0
0
0
0
0
0
0
0
0
0
0
0
0
0
0
0
0
0
0
0
0
0
0
0
0
0
0
0
0
0
0
0
0
0
0
0
0
0
0
0
0
0
0
0
0
0
0
0
0
0
0
0
0
0
0
0
0
129144
