119
424
0
713
0
87
0
1986
0
75
0
175
0
145
0
7331
0
84
0
108
0
8
0
149
0
91
0
187
0
133
0
5518
0
0
0
0
0
6
0
104
0
0
0
7
0
9
0
145
0
0
0
30
0
11
0
97
0
0
0
88
0
151
0
2314
0
0
0
0
0
0
0
0
0
0
0
0
0
0
0
0
0
0
0
0
0
0
0
13
0
0
0
6
0
0
0
240
0
0
0
0
0
0
0
0
0
0
0
0
0
0
0
90
0
0
0
0
0
0
0
90
0
0
0
0
0
0
0
2181
0
0
0
0
0
0
0
0
0
0
0
0
0
0
0
0
0
0
0
0
0
0
0
0
0
0
0
0
0
0
0
0
0
0
0
0
0
0
0
0
0
0
0
0
0
0
0
0
0
0
0
0
0
0
0
0
0
0
0
0
0
0
0
0
0
0
0
0
0
0
0
0
0
0
0
0
0
0
0
0
0
0
0
0
0
0
0
0
0
0
0
0
0
0
0
0
0
0
0
0
0
0
0
0
0
0
0
0
0
0
0
0
0
0
0
0
0
0
0
0
0
0
0
0
0
0
0
135489
