254
665
0
911
0
94
0
1906
0
103
0
176
0
222
0
6366
0
41
0
58
0
3
0
57
0
71
0
83
0
74
0
2701
0
0
0
0
0
6
0
61
0
0
0
5
0
23
0
137
0
0
0
19
0
3
0
63
0
0
0
56
0
131
0
1100
0
0
0
0
0
0
0
0
0
0
0
0
0
0
0
0
0
0
0
0
0
0
0
1
0
0
0
13
0
0
0
103
0
0
0
0
0
0
0
0
0
0
0
0
0
0
0
77
0
0
0
0
0
0
0
34
0
0
0
0
0
0
0
840
0
0
0
0
0
0
0
0
0
0
0
0
0
0
0
0
0
0
0
0
0
0
0
0
0
0
0
0
0
0
0
0
0
0
0
0
0
0
0
0
0
0
0
0
0
0
0
0
0
0
0
0
0
0
0
0
0
0
0
0
0
0
0
0
0
0
0
0
0
0
0
0
0
0
0
0
0
0
0
0
0
0
0
0
0
0
0
0
0
0
0
0
0
0
0
0
0
0
0
0
0
0
0
0
0
0
0
0
0
0
0
0
0
0
0
0
0
0
0
0
0
0
0
0
0
0
0
141947
