505
938
0
1134
0
129
0
1783
0
127
0
149
0
160
0
2693
0
63
0
112
0
14
0
115
0
124
0
159
0
116
0
1663
0
0
0
0
0
17
0
126
0
0
0
15
0
16
0
140
0
0
0
69
0
9
0
105
0
0
0
109
0
129
0
949
0
0
0
0
0
0
0
0
0
0
0
0
0
0
0
0
0
0
0
0
0
0
0
4
0
0
0
13
0
0
0
116
0
0
0
0
0
0
0
0
0
0
0
0
0
0
0
138
0
0
0
0
0
0
0
37
0
0
0
0
0
0
0
837
0
0
0
0
0
0
0
0
0
0
0
0
0
0
0
0
0
0
0
0
0
0
0
0
0
0
0
0
0
0
0
0
0
0
0
0
0
0
0
0
0
0
0
0
0
0
0
0
0
0
0
0
0
0
0
0
0
0
0
0
0
0
0
0
0
0
0
0
0
0
0
0
0
0
0
0
0
0
0
0
0
0
0
0
0
0
0
0
0
0
0
0
0
0
0
0
0
0
0
0
0
0
0
0
0
0
0
0
0
0
0
0
0
0
0
0
0
0
0
0
0
0
0
0
0
0
0
145591
