175
526
0
650
0
53
0
1789
0
71
0
109
0
106
0
6166
0
85
0
56
0
10
0
110
0
87
0
80
0
94
0
3288
0
0
0
0
0
6
0
62
0
0
0
4
0
7
0
89
0
0
0
30
0
0
0
72
0
0
0
66
0
86
0
1246
0
0
0
0
0
0
0
0
0
0
0
0
0
0
0
0
0
0
0
0
0
0
0
3
0
0
0
4
0
0
0
107
0
0
0
0
0
0
0
0
0
0
0
0
0
0
0
74
0
0
0
0
0
0
0
34
0
0
0
0
0
0
0
1032
0
0
0
0
0
0
0
0
0
0
0
0
0
0
0
0
0
0
0
0
0
0
0
0
0
0
0
0
0
0
0
0
0
0
0
0
0
0
0
0
0
0
0
0
0
0
0
0
0
0
0
0
0
0
0
0
0
0
0
0
0
0
0
0
0
0
0
0
0
0
0
0
0
0
0
0
0
0
0
0
0
0
0
0
0
0
0
0
0
0
0
0
0
0
0
0
0
0
0
0
0
0
0
0
0
0
0
0
0
0
0
0
0
0
0
0
0
0
0
0
0
0
0
0
0
0
0
142027
