312
721
0
795
0
104
0
1252
0
104
0
140
0
143
0
2893
0
58
0
80
0
4
0
83
0
78
0
84
0
76
0
1406
0
0
0
0
0
7
0
93
0
0
0
6
0
14
0
120
0
0
0
43
0
12
0
85
0
0
0
68
0
119
0
877
0
0
0
0
0
0
0
0
0
0
0
0
0
0
0
0
0
0
0
0
0
0
0
10
0
0
0
10
0
0
0
94
0
0
0
0
0
0
0
0
0
0
0
0
0
0
0
98
0
0
0
0
0
0
0
51
0
0
0
0
0
0
0
829
0
0
0
0
0
0
0
0
0
0
0
0
0
0
0
0
0
0
0
0
0
0
0
0
0
0
0
0
0
0
0
0
0
0
0
0
0
0
0
0
0
0
0
0
0
0
0
0
0
0
0
0
0
0
0
0
0
0
0
0
0
0
0
0
0
0
0
0
0
0
0
0
0
0
0
0
0
0
0
0
0
0
0
0
0
0
0
0
0
0
0
0
0
0
0
0
0
0
0
0
0
0
0
0
0
0
0
0
0
0
0
0
0
0
0
0
0
0
0
0
0
0
0
0
0
0
0
147535
