203
705
0
1156
0
83
0
3589
0
97
0
176
0
194
0
17872
0
120
0
97
0
16
0
157
0
107
0
125
0
178
0
10443
0
0
0
0
0
12
0
79
0
0
0
8
0
8
0
231
0
0
0
30
0
16
0
66
0
0
0
98
0
178
0
4067
0
0
0
0
0
0
0
0
0
0
0
0
0
0
0
0
0
0
0
0
0
1
0
28
0
0
0
8
0
0
0
291
0
0
0
0
0
0
0
0
0
0
0
0
0
0
0
107
0
0
0
0
0
0
0
81
0
0
0
0
0
0
0
3935
0
0
0
0
0
0
0
0
0
0
0
0
0
0
0
0
0
0
0
0
0
0
0
0
0
0
0
0
0
0
0
0
0
0
0
0
0
0
0
0
0
0
0
0
0
0
0
0
0
0
0
0
0
0
0
0
0
0
0
0
0
0
0
0
0
0
0
0
0
0
0
0
0
0
0
0
0
0
0
0
0
0
0
0
0
0
0
0
0
0
0
0
0
0
0
0
0
0
0
0
0
0
0
0
0
0
0
0
0
0
0
0
0
0
0
0
0
0
0
0
0
0
0
0
0
0
0
113842
